Item 1,Item 2,Item 3,Item 4,Item 5,Item 6,Item 7,Item 8,Item 9,Item 10
pork,bottled water,yogurt,,,,,,,
domestic eggs,,,,,,,,,
fruit/vegetable juice,,,,,,,,,
frozen vegetables,hamburger meat,fruit/vegetable juice,chicken,other vegetables,,,,,
detergent,pip fruit,whipped/sour cream,soda,cream cheese,domestic eggs,bottled water,pork,tropical fruit,fruit/vegetable juice
whole milk,frozen vegetables,napkins,rolls/buns,whipped/sour cream,hamburger meat,coffee,brown bread,butter,shopping bags
bottled water,cream cheese,,,,,,,,
whipped/sour cream,tropical fruit,fruit/vegetable juice,yogurt,other vegetables,,,,,
bottled water,fruit/vegetable juice,whole milk,hamburger meat,pork,tropical fruit,,,,
tropical fruit,domestic eggs,pip fruit,napkins,bottled water,citrus fruit,,,,
ice cream,cream cheese,domestic eggs,sausage,root vegetables,tropical fruit,hamburger meat,fruit/vegetable juice,citrus fruit,bottled water
bottled water,napkins,,,,,,,,
citrus fruit,hamburger meat,whole milk,coffee,whipped/sour cream,,,,,
root vegetables,yogurt,coffee,curd,frozen vegetables,pastry,hamburger meat,margarine,,
frozen vegetables,whole milk,sausage,napkins,pip fruit,,,,,
hamburger meat,pip fruit,newspapers,citrus fruit,shopping bags,rolls/buns,whole milk,root vegetables,,
root vegetables,napkins,cream cheese,ice cream,brown bread,,,,,
cream cheese,coffee,,,,,,,,
margarine,pastry,bottled water,other vegetables,,,,,,
rolls/buns,pip fruit,,,,,,,,
detergent,domestic eggs,sausage,napkins,whipped/sour cream,hamburger meat,other vegetables,,,
ice cream,shopping bags,butter,whole milk,tropical fruit,napkins,cream cheese,other vegetables,detergent,
shopping bags,brown bread,root vegetables,,,,,,,
newspapers,citrus fruit,bottled water,domestic eggs,root vegetables,brown bread,whipped/sour cream,margarine,,
bottled water,whole milk,detergent,,,,,,,
sausage,frozen vegetables,soda,hamburger meat,,,,,,
curd,rolls/buns,pork,ice cream,detergent,whole milk,,,,
tropical fruit,citrus fruit,hamburger meat,detergent,coffee,whipped/sour cream,sausage,yogurt,domestic eggs,whole milk
domestic eggs,,,,,,,,,
hamburger meat,domestic eggs,root vegetables,coffee,detergent,soda,citrus fruit,,,
newspapers,pip fruit,whole milk,domestic eggs,cream cheese,,,,,
whole milk,domestic eggs,citrus fruit,soda,coffee,,,,,
other vegetables,citrus fruit,domestic eggs,fruit/vegetable juice,hamburger meat,root vegetables,chicken,,,
other vegetables,soda,citrus fruit,root vegetables,rolls/buns,pork,whole milk,brown bread,newspapers,coffee
root vegetables,bottled water,pastry,whipped/sour cream,hamburger meat,,,,,
newspapers,,,,,,,,,
whipped/sour cream,brown bread,,,,,,,,
napkins,pastry,cream cheese,soda,coffee,shopping bags,yogurt,curd,whole milk,tropical fruit
whipped/sour cream,whole milk,newspapers,other vegetables,hamburger meat,butter,shopping bags,brown bread,fruit/vegetable juice,frozen vegetables
cream cheese,sausage,citrus fruit,,,,,,,
napkins,pork,,,,,,,,
pip fruit,detergent,domestic eggs,curd,bottled water,rolls/buns,sausage,whipped/sour cream,coffee,other vegetables
whole milk,pastry,frozen vegetables,cream cheese,root vegetables,tropical fruit,ice cream,yogurt,margarine,
shopping bags,soda,domestic eggs,frozen vegetables,detergent,,,,,
pork,shopping bags,brown bread,,,,,,,
whipped/sour cream,sausage,margarine,curd,pork,tropical fruit,butter,detergent,root vegetables,newspapers
whipped/sour cream,napkins,citrus fruit,sausage,yogurt,margarine,ice cream,brown bread,curd,cream cheese
butter,yogurt,pip fruit,napkins,rolls/buns,detergent,sausage,citrus fruit,margarine,
napkins,,,,,,,,,
soda,other vegetables,ice cream,newspapers,root vegetables,bottled water,whole milk,,,
butter,domestic eggs,brown bread,chicken,,,,,,
butter,napkins,sausage,yogurt,root vegetables,,,,,
whole milk,margarine,sausage,brown bread,coffee,soda,detergent,domestic eggs,root vegetables,pip fruit
ice cream,coffee,butter,bottled water,hamburger meat,whipped/sour cream,citrus fruit,pastry,soda,curd
ice cream,newspapers,pastry,soda,sausage,frozen vegetables,hamburger meat,rolls/buns,pip fruit,
ice cream,napkins,brown bread,root vegetables,bottled water,coffee,frozen vegetables,yogurt,,
napkins,brown bread,newspapers,,,,,,,
shopping bags,margarine,detergent,pip fruit,napkins,,,,,
citrus fruit,brown bread,domestic eggs,,,,,,,
pastry,,,,,,,,,
shopping bags,other vegetables,cream cheese,tropical fruit,,,,,,
whole milk,,,,,,,,,
domestic eggs,whole milk,hamburger meat,chicken,brown bread,other vegetables,coffee,cream cheese,,
newspapers,hamburger meat,root vegetables,pip fruit,butter,detergent,coffee,shopping bags,brown bread,other vegetables
tropical fruit,detergent,curd,newspapers,,,,,,
detergent,bottled water,tropical fruit,pork,frozen vegetables,ice cream,shopping bags,rolls/buns,newspapers,root vegetables
margarine,coffee,citrus fruit,chicken,other vegetables,,,,,
root vegetables,rolls/buns,,,,,,,,
hamburger meat,chicken,butter,curd,,,,,,
ice cream,brown bread,whipped/sour cream,pork,cream cheese,napkins,,,,
curd,pip fruit,ice cream,,,,,,,
napkins,soda,curd,hamburger meat,whipped/sour cream,newspapers,sausage,whole milk,,
sausage,hamburger meat,napkins,coffee,pip fruit,soda,newspapers,chicken,bottled water,
whole milk,pip fruit,root vegetables,rolls/buns,chicken,fruit/vegetable juice,pastry,tropical fruit,other vegetables,
margarine,tropical fruit,shopping bags,napkins,,,,,,
ice cream,whipped/sour cream,whole milk,frozen vegetables,,,,,,
sausage,root vegetables,margarine,detergent,coffee,tropical fruit,,,,
butter,fruit/vegetable juice,margarine,,,,,,,
ice cream,pastry,napkins,bottled water,cream cheese,detergent,,,,
whole milk,yogurt,detergent,root vegetables,hamburger meat,sausage,citrus fruit,pip fruit,brown bread,shopping bags
whole milk,,,,,,,,,
curd,citrus fruit,sausage,rolls/buns,domestic eggs,whipped/sour cream,napkins,yogurt,coffee,brown bread
newspapers,bottled water,citrus fruit,other vegetables,,,,,,
shopping bags,rolls/buns,yogurt,detergent,curd,bottled water,cream cheese,root vegetables,whipped/sour cream,other vegetables
chicken,newspapers,whipped/sour cream,,,,,,,
newspapers,pip fruit,margarine,tropical fruit,pork,other vegetables,,,,
napkins,curd,,,,,,,,
frozen vegetables,bottled water,detergent,soda,whole milk,citrus fruit,,,,
margarine,soda,whipped/sour cream,butter,,,,,,
margarine,pastry,chicken,ice cream,,,,,,
yogurt,fruit/vegetable juice,root vegetables,chicken,napkins,tropical fruit,,,,
whole milk,domestic eggs,napkins,bottled water,sausage,chicken,,,,
chicken,napkins,newspapers,root vegetables,brown bread,hamburger meat,tropical fruit,margarine,,
root vegetables,shopping bags,margarine,butter,,,,,,
yogurt,curd,rolls/buns,brown bread,bottled water,butter,citrus fruit,whipped/sour cream,detergent,chicken
newspapers,bottled water,pork,yogurt,whipped/sour cream,pastry,ice cream,frozen vegetables,curd,
shopping bags,pastry,whipped/sour cream,soda,tropical fruit,brown bread,frozen vegetables,,,
pastry,bottled water,detergent,coffee,root vegetables,yogurt,newspapers,butter,,
root vegetables,sausage,fruit/vegetable juice,cream cheese,,,,,,
root vegetables,butter,ice cream,napkins,,,,,,
whipped/sour cream,frozen vegetables,sausage,,,,,,,
sausage,citrus fruit,chicken,bottled water,detergent,,,,,
coffee,pork,curd,margarine,,,,,,
yogurt,rolls/buns,soda,citrus fruit,pork,domestic eggs,napkins,,,
rolls/buns,newspapers,shopping bags,hamburger meat,whole milk,butter,margarine,napkins,,
curd,other vegetables,cream cheese,margarine,pork,detergent,citrus fruit,,,
curd,other vegetables,margarine,detergent,shopping bags,,,,,
curd,chicken,bottled water,pip fruit,cream cheese,tropical fruit,domestic eggs,newspapers,other vegetables,citrus fruit
yogurt,,,,,,,,,
pip fruit,tropical fruit,fruit/vegetable juice,rolls/buns,pastry,frozen vegetables,ice cream,root vegetables,newspapers,curd
newspapers,yogurt,citrus fruit,pastry,,,,,,
whipped/sour cream,bottled water,citrus fruit,pastry,napkins,pip fruit,ice cream,margarine,,
ice cream,napkins,citrus fruit,pip fruit,tropical fruit,other vegetables,domestic eggs,newspapers,,
frozen vegetables,curd,hamburger meat,whole milk,coffee,,,,,
margarine,,,,,,,,,
pip fruit,brown bread,shopping bags,pork,hamburger meat,soda,rolls/buns,,,
hamburger meat,pip fruit,,,,,,,,
pork,pip fruit,citrus fruit,bottled water,,,,,,
domestic eggs,brown bread,tropical fruit,other vegetables,shopping bags,,,,,
yogurt,sausage,margarine,rolls/buns,whole milk,curd,cream cheese,pastry,brown bread,
yogurt,pork,cream cheese,pip fruit,brown bread,whole milk,,,,
margarine,domestic eggs,yogurt,detergent,newspapers,brown bread,sausage,other vegetables,tropical fruit,shopping bags
yogurt,cream cheese,pork,brown bread,bottled water,tropical fruit,,,,
ice cream,curd,yogurt,domestic eggs,pip fruit,chicken,sausage,cream cheese,,
cream cheese,chicken,sausage,tropical fruit,detergent,,,,,
pip fruit,butter,pork,yogurt,,,,,,
frozen vegetables,whole milk,brown bread,hamburger meat,,,,,,
whipped/sour cream,root vegetables,,,,,,,,
whipped/sour cream,hamburger meat,,,,,,,,
bottled water,frozen vegetables,brown bread,soda,root vegetables,chicken,butter,ice cream,whole milk,
citrus fruit,other vegetables,chicken,detergent,bottled water,,,,,
domestic eggs,frozen vegetables,yogurt,ice cream,rolls/buns,,,,,
butter,domestic eggs,newspapers,,,,,,,
brown bread,frozen vegetables,hamburger meat,napkins,pork,cream cheese,ice cream,whole milk,rolls/buns,tropical fruit
bottled water,napkins,soda,,,,,,,
yogurt,pork,coffee,rolls/buns,sausage,pip fruit,other vegetables,newspapers,whipped/sour cream,
whipped/sour cream,margarine,fruit/vegetable juice,sausage,newspapers,frozen vegetables,ice cream,yogurt,,
shopping bags,sausage,,,,,,,,
rolls/buns,sausage,coffee,,,,,,,
cream cheese,butter,frozen vegetables,margarine,whipped/sour cream,,,,,
brown bread,curd,other vegetables,newspapers,coffee,butter,,,,
ice cream,hamburger meat,tropical fruit,newspapers,coffee,whipped/sour cream,shopping bags,,,
butter,pork,napkins,,,,,,,
chicken,detergent,root vegetables,butter,whipped/sour cream,fruit/vegetable juice,newspapers,,,
tropical fruit,ice cream,citrus fruit,bottled water,sausage,newspapers,,,,
soda,ice cream,hamburger meat,curd,margarine,,,,,
pip fruit,cream cheese,rolls/buns,margarine,curd,other vegetables,citrus fruit,,,
sausage,domestic eggs,whole milk,shopping bags,chicken,fruit/vegetable juice,,,,
chicken,other vegetables,,,,,,,,
shopping bags,detergent,citrus fruit,soda,ice cream,other vegetables,,,,
domestic eggs,,,,,,,,,
shopping bags,newspapers,other vegetables,rolls/buns,brown bread,cream cheese,citrus fruit,soda,ice cream,
pip fruit,detergent,pork,sausage,coffee,root vegetables,whole milk,,,
cream cheese,newspapers,rolls/buns,napkins,,,,,,
whole milk,citrus fruit,,,,,,,,
citrus fruit,root vegetables,chicken,soda,detergent,fruit/vegetable juice,domestic eggs,butter,ice cream,margarine
root vegetables,newspapers,shopping bags,other vegetables,sausage,pastry,,,,
butter,margarine,shopping bags,citrus fruit,coffee,,,,,
bottled water,frozen vegetables,fruit/vegetable juice,tropical fruit,hamburger meat,root vegetables,curd,soda,domestic eggs,
whipped/sour cream,bottled water,,,,,,,,
detergent,margarine,butter,sausage,,,,,,
bottled water,curd,hamburger meat,,,,,,,
soda,pastry,other vegetables,cream cheese,ice cream,curd,pip fruit,,,
other vegetables,,,,,,,,,
butter,pip fruit,chicken,rolls/buns,pastry,sausage,root vegetables,pork,bottled water,whipped/sour cream
pastry,citrus fruit,butter,detergent,yogurt,frozen vegetables,margarine,bottled water,whole milk,napkins
rolls/buns,napkins,pastry,cream cheese,whole milk,margarine,brown bread,newspapers,,
whipped/sour cream,pork,bottled water,other vegetables,newspapers,butter,domestic eggs,pastry,,
margarine,detergent,soda,domestic eggs,frozen vegetables,butter,,,,
fruit/vegetable juice,pastry,curd,pork,chicken,other vegetables,,,,
margarine,soda,pastry,bottled water,cream cheese,pork,,,,
tropical fruit,pork,whipped/sour cream,coffee,hamburger meat,brown bread,,,,
bottled water,curd,yogurt,citrus fruit,detergent,root vegetables,sausage,napkins,frozen vegetables,
pork,napkins,other vegetables,whipped/sour cream,cream cheese,,,,,
margarine,,,,,,,,,
butter,root vegetables,whipped/sour cream,margarine,soda,yogurt,whole milk,,,
rolls/buns,whipped/sour cream,margarine,coffee,,,,,,
rolls/buns,cream cheese,pastry,ice cream,tropical fruit,bottled water,detergent,curd,,
chicken,yogurt,whipped/sour cream,fruit/vegetable juice,pastry,hamburger meat,curd,whole milk,,
pip fruit,pork,newspapers,brown bread,shopping bags,soda,yogurt,coffee,domestic eggs,hamburger meat
shopping bags,pork,hamburger meat,tropical fruit,brown bread,soda,,,,
ice cream,detergent,pip fruit,other vegetables,fruit/vegetable juice,chicken,shopping bags,newspapers,coffee,
shopping bags,detergent,frozen vegetables,butter,newspapers,pip fruit,hamburger meat,,,
napkins,,,,,,,,,
cream cheese,citrus fruit,chicken,detergent,frozen vegetables,hamburger meat,,,,
yogurt,,,,,,,,,
frozen vegetables,butter,other vegetables,domestic eggs,tropical fruit,hamburger meat,bottled water,citrus fruit,whole milk,
bottled water,newspapers,whipped/sour cream,frozen vegetables,hamburger meat,pork,ice cream,brown bread,domestic eggs,
fruit/vegetable juice,napkins,cream cheese,pip fruit,pastry,,,,,
hamburger meat,chicken,cream cheese,,,,,,,
pip fruit,tropical fruit,coffee,brown bread,napkins,fruit/vegetable juice,,,,
citrus fruit,newspapers,,,,,,,,
curd,butter,,,,,,,,
root vegetables,shopping bags,citrus fruit,margarine,brown bread,fruit/vegetable juice,,,,
ice cream,,,,,,,,,
ice cream,,,,,,,,,
whipped/sour cream,ice cream,root vegetables,pip fruit,yogurt,margarine,citrus fruit,tropical fruit,,
soda,citrus fruit,fruit/vegetable juice,,,,,,,
napkins,whole milk,other vegetables,,,,,,,
ice cream,,,,,,,,,
margarine,pip fruit,ice cream,root vegetables,citrus fruit,,,,,
pork,shopping bags,yogurt,root vegetables,pip fruit,,,,,
curd,domestic eggs,pork,other vegetables,butter,pastry,coffee,cream cheese,,
tropical fruit,brown bread,yogurt,sausage,domestic eggs,curd,napkins,pastry,bottled water,
frozen vegetables,brown bread,other vegetables,root vegetables,margarine,,,,,
tropical fruit,,,,,,,,,
butter,coffee,detergent,fruit/vegetable juice,pip fruit,shopping bags,,,,
pip fruit,rolls/buns,brown bread,domestic eggs,cream cheese,detergent,margarine,,,
citrus fruit,newspapers,pork,ice cream,cream cheese,,,,,
pastry,shopping bags,pork,pip fruit,cream cheese,bottled water,napkins,soda,yogurt,whipped/sour cream
shopping bags,pastry,cream cheese,pip fruit,chicken,domestic eggs,,,,
soda,sausage,butter,pip fruit,shopping bags,,,,,
curd,detergent,pork,,,,,,,
whole milk,pip fruit,pork,ice cream,tropical fruit,shopping bags,brown bread,sausage,newspapers,cream cheese
other vegetables,,,,,,,,,
root vegetables,other vegetables,pastry,napkins,rolls/buns,margarine,curd,,,
root vegetables,butter,pastry,curd,yogurt,domestic eggs,chicken,citrus fruit,,
hamburger meat,brown bread,bottled water,sausage,cream cheese,frozen vegetables,domestic eggs,rolls/buns,,
citrus fruit,,,,,,,,,
napkins,domestic eggs,soda,rolls/buns,pork,butter,frozen vegetables,bottled water,,
margarine,rolls/buns,fruit/vegetable juice,pastry,chicken,cream cheese,hamburger meat,butter,soda,brown bread
shopping bags,frozen vegetables,ice cream,bottled water,fruit/vegetable juice,pork,yogurt,domestic eggs,,
newspapers,bottled water,sausage,domestic eggs,tropical fruit,,,,,
pip fruit,newspapers,pork,detergent,hamburger meat,chicken,tropical fruit,,,
citrus fruit,pork,ice cream,sausage,detergent,shopping bags,other vegetables,,,
brown bread,hamburger meat,pastry,pip fruit,domestic eggs,rolls/buns,ice cream,root vegetables,,
newspapers,cream cheese,sausage,margarine,pork,whipped/sour cream,chicken,shopping bags,tropical fruit,
bottled water,whipped/sour cream,hamburger meat,napkins,cream cheese,ice cream,,,,
whole milk,sausage,shopping bags,rolls/buns,soda,fruit/vegetable juice,frozen vegetables,pastry,whipped/sour cream,brown bread
detergent,pork,newspapers,,,,,,,
pork,whipped/sour cream,root vegetables,chicken,coffee,cream cheese,,,,
margarine,pastry,newspapers,pip fruit,cream cheese,pork,tropical fruit,shopping bags,,
domestic eggs,whipped/sour cream,,,,,,,,
frozen vegetables,shopping bags,soda,pastry,ice cream,pip fruit,cream cheese,pork,,
whipped/sour cream,curd,,,,,,,,
whipped/sour cream,pastry,frozen vegetables,soda,hamburger meat,fruit/vegetable juice,cream cheese,root vegetables,coffee,
butter,chicken,coffee,yogurt,brown bread,shopping bags,napkins,,,
pork,chicken,tropical fruit,shopping bags,newspapers,brown bread,frozen vegetables,whipped/sour cream,,
cream cheese,napkins,whole milk,domestic eggs,margarine,frozen vegetables,root vegetables,whipped/sour cream,ice cream,sausage
shopping bags,butter,tropical fruit,pip fruit,fruit/vegetable juice,whole milk,,,,
pastry,pip fruit,detergent,pork,butter,,,,,
napkins,whipped/sour cream,chicken,citrus fruit,pork,ice cream,butter,bottled water,,
butter,,,,,,,,,
fruit/vegetable juice,pork,soda,ice cream,frozen vegetables,curd,citrus fruit,hamburger meat,root vegetables,
butter,brown bread,shopping bags,domestic eggs,fruit/vegetable juice,pastry,coffee,hamburger meat,napkins,
whipped/sour cream,pastry,margarine,rolls/buns,,,,,,
napkins,chicken,,,,,,,,
curd,coffee,,,,,,,,
whole milk,yogurt,margarine,hamburger meat,bottled water,newspapers,brown bread,pip fruit,ice cream,
yogurt,other vegetables,bottled water,whole milk,fruit/vegetable juice,shopping bags,whipped/sour cream,newspapers,soda,
citrus fruit,yogurt,whole milk,brown bread,other vegetables,pastry,,,,
frozen vegetables,hamburger meat,yogurt,sausage,cream cheese,chicken,newspapers,shopping bags,brown bread,
sausage,coffee,,,,,,,,
margarine,,,,,,,,,
whole milk,ice cream,curd,whipped/sour cream,bottled water,,,,,
bottled water,,,,,,,,,
chicken,rolls/buns,soda,citrus fruit,pip fruit,napkins,hamburger meat,whole milk,,
domestic eggs,brown bread,hamburger meat,chicken,curd,pork,soda,,,
detergent,pastry,pip fruit,coffee,frozen vegetables,hamburger meat,napkins,brown bread,curd,
pip fruit,,,,,,,,,
brown bread,citrus fruit,soda,newspapers,pip fruit,whole milk,frozen vegetables,sausage,,
pork,,,,,,,,,
whipped/sour cream,tropical fruit,hamburger meat,newspapers,chicken,other vegetables,butter,whole milk,curd,yogurt
bottled water,newspapers,margarine,citrus fruit,,,,,,
whole milk,margarine,soda,yogurt,pastry,napkins,whipped/sour cream,coffee,butter,citrus fruit
bottled water,,,,,,,,,
curd,yogurt,shopping bags,rolls/buns,sausage,brown bread,detergent,newspapers,domestic eggs,
bottled water,butter,pork,sausage,fruit/vegetable juice,whole milk,,,,
bottled water,newspapers,detergent,pip fruit,butter,cream cheese,pork,curd,sausage,citrus fruit
soda,ice cream,pip fruit,pastry,shopping bags,pork,coffee,chicken,curd,tropical fruit
tropical fruit,curd,shopping bags,detergent,soda,hamburger meat,chicken,domestic eggs,frozen vegetables,butter
other vegetables,yogurt,whole milk,rolls/buns,newspapers,hamburger meat,sausage,brown bread,,
whipped/sour cream,curd,napkins,newspapers,citrus fruit,rolls/buns,fruit/vegetable juice,,,
napkins,,,,,,,,,
soda,tropical fruit,frozen vegetables,,,,,,,
pastry,hamburger meat,ice cream,coffee,,,,,,
chicken,,,,,,,,,
chicken,brown bread,shopping bags,fruit/vegetable juice,margarine,whipped/sour cream,yogurt,domestic eggs,,
soda,sausage,pork,root vegetables,shopping bags,cream cheese,coffee,,,
yogurt,other vegetables,hamburger meat,coffee,tropical fruit,napkins,domestic eggs,ice cream,detergent,pastry
tropical fruit,bottled water,domestic eggs,,,,,,,
curd,,,,,,,,,
napkins,root vegetables,,,,,,,,
napkins,brown bread,chicken,rolls/buns,,,,,,
rolls/buns,butter,citrus fruit,ice cream,bottled water,margarine,,,,
citrus fruit,cream cheese,butter,fruit/vegetable juice,pastry,newspapers,bottled water,other vegetables,detergent,
fruit/vegetable juice,,,,,,,,,
butter,sausage,domestic eggs,detergent,root vegetables,,,,,
napkins,shopping bags,butter,sausage,,,,,,
brown bread,root vegetables,hamburger meat,,,,,,,
pork,,,,,,,,,
detergent,brown bread,ice cream,pastry,other vegetables,,,,,
napkins,domestic eggs,fruit/vegetable juice,root vegetables,soda,tropical fruit,whole milk,brown bread,frozen vegetables,bottled water
chicken,brown bread,,,,,,,,
chicken,sausage,yogurt,pip fruit,whole milk,detergent,newspapers,,,
cream cheese,,,,,,,,,
ice cream,whole milk,cream cheese,pip fruit,tropical fruit,domestic eggs,detergent,frozen vegetables,margarine,
margarine,pastry,whole milk,detergent,pork,coffee,,,,
root vegetables,napkins,curd,brown bread,,,,,,
soda,sausage,,,,,,,,
chicken,cream cheese,whole milk,bottled water,hamburger meat,sausage,soda,,,
sausage,other vegetables,fruit/vegetable juice,bottled water,pastry,newspapers,curd,chicken,,
pip fruit,frozen vegetables,brown bread,tropical fruit,fruit/vegetable juice,domestic eggs,other vegetables,coffee,,
cream cheese,yogurt,,,,,,,,
whipped/sour cream,,,,,,,,,
whipped/sour cream,coffee,root vegetables,margarine,soda,hamburger meat,citrus fruit,pip fruit,cream cheese,
coffee,domestic eggs,newspapers,shopping bags,other vegetables,pip fruit,,,,
brown bread,curd,pip fruit,frozen vegetables,butter,soda,,,,
chicken,napkins,whole milk,tropical fruit,whipped/sour cream,cream cheese,hamburger meat,sausage,brown bread,root vegetables
butter,whipped/sour cream,sausage,,,,,,,
shopping bags,bottled water,chicken,ice cream,pork,curd,detergent,whipped/sour cream,,
ice cream,fruit/vegetable juice,domestic eggs,pork,soda,detergent,,,,
citrus fruit,other vegetables,ice cream,,,,,,,
shopping bags,cream cheese,butter,root vegetables,fruit/vegetable juice,domestic eggs,citrus fruit,,,
detergent,cream cheese,pip fruit,domestic eggs,ice cream,whole milk,newspapers,,,
ice cream,domestic eggs,pastry,margarine,coffee,soda,butter,chicken,napkins,sausage
other vegetables,,,,,,,,,
tropical fruit,rolls/buns,shopping bags,pastry,pip fruit,coffee,margarine,bottled water,,
whole milk,whipped/sour cream,frozen vegetables,detergent,curd,sausage,ice cream,,,
hamburger meat,newspapers,margarine,,,,,,,
detergent,root vegetables,citrus fruit,other vegetables,whole milk,,,,,
pastry,margarine,other vegetables,brown bread,rolls/buns,whipped/sour cream,detergent,newspapers,root vegetables,
brown bread,cream cheese,bottled water,tropical fruit,root vegetables,whole milk,coffee,pork,newspapers,whipped/sour cream
pork,pip fruit,citrus fruit,napkins,domestic eggs,pastry,,,,
pork,shopping bags,newspapers,fruit/vegetable juice,yogurt,root vegetables,,,,
rolls/buns,whipped/sour cream,chicken,margarine,yogurt,shopping bags,,,,
bottled water,soda,chicken,hamburger meat,cream cheese,frozen vegetables,butter,curd,,
napkins,root vegetables,newspapers,cream cheese,detergent,,,,,
napkins,sausage,margarine,rolls/buns,tropical fruit,pork,pastry,,,
pastry,,,,,,,,,
frozen vegetables,chicken,bottled water,newspapers,root vegetables,whole milk,sausage,detergent,,
shopping bags,chicken,,,,,,,,
frozen vegetables,domestic eggs,sausage,,,,,,,
detergent,sausage,curd,citrus fruit,cream cheese,chicken,root vegetables,other vegetables,newspapers,yogurt
margarine,pastry,whole milk,soda,rolls/buns,tropical fruit,newspapers,,,
pastry,napkins,root vegetables,domestic eggs,shopping bags,whole milk,margarine,,,
tropical fruit,margarine,rolls/buns,shopping bags,,,,,,
tropical fruit,,,,,,,,,
ice cream,shopping bags,root vegetables,domestic eggs,bottled water,,,,,
root vegetables,detergent,chicken,butter,frozen vegetables,brown bread,,,,
domestic eggs,shopping bags,,,,,,,,
brown bread,sausage,frozen vegetables,chicken,ice cream,hamburger meat,citrus fruit,whole milk,pastry,
shopping bags,butter,curd,chicken,domestic eggs,other vegetables,brown bread,margarine,soda,rolls/buns
butter,whole milk,sausage,domestic eggs,citrus fruit,curd,brown bread,other vegetables,,
pastry,tropical fruit,newspapers,shopping bags,napkins,frozen vegetables,chicken,whipped/sour cream,yogurt,
ice cream,frozen vegetables,brown bread,soda,margarine,pastry,chicken,,,
curd,bottled water,,,,,,,,
fruit/vegetable juice,pastry,rolls/buns,detergent,napkins,bottled water,cream cheese,butter,,
chicken,,,,,,,,,
whipped/sour cream,hamburger meat,coffee,cream cheese,curd,bottled water,fruit/vegetable juice,,,
rolls/buns,soda,whipped/sour cream,hamburger meat,chicken,root vegetables,,,,
citrus fruit,pork,bottled water,,,,,,,
cream cheese,tropical fruit,pastry,margarine,,,,,,
margarine,cream cheese,shopping bags,napkins,citrus fruit,brown bread,,,,
pip fruit,pork,detergent,ice cream,napkins,sausage,root vegetables,whole milk,,
detergent,rolls/buns,bottled water,brown bread,curd,,,,,
whipped/sour cream,domestic eggs,curd,coffee,pastry,whole milk,chicken,,,
pip fruit,frozen vegetables,whole milk,brown bread,fruit/vegetable juice,ice cream,soda,newspapers,citrus fruit,pastry
fruit/vegetable juice,bottled water,detergent,newspapers,hamburger meat,root vegetables,yogurt,other vegetables,margarine,chicken
shopping bags,domestic eggs,sausage,margarine,newspapers,,,,,
yogurt,frozen vegetables,soda,whole milk,tropical fruit,shopping bags,hamburger meat,,,
butter,yogurt,soda,whole milk,hamburger meat,pork,cream cheese,,,
fruit/vegetable juice,bottled water,root vegetables,butter,shopping bags,napkins,,,,
cream cheese,pastry,sausage,butter,napkins,,,,,
frozen vegetables,pastry,newspapers,brown bread,napkins,pip fruit,,,,
pork,butter,cream cheese,shopping bags,fruit/vegetable juice,ice cream,detergent,rolls/buns,,
brown bread,frozen vegetables,other vegetables,whipped/sour cream,pastry,fruit/vegetable juice,cream cheese,,,
whole milk,root vegetables,napkins,fruit/vegetable juice,other vegetables,hamburger meat,newspapers,cream cheese,,
pork,sausage,,,,,,,,
butter,whipped/sour cream,yogurt,bottled water,cream cheese,ice cream,detergent,shopping bags,domestic eggs,
chicken,pip fruit,fruit/vegetable juice,,,,,,,
hamburger meat,newspapers,cream cheese,other vegetables,tropical fruit,pork,fruit/vegetable juice,,,
soda,domestic eggs,,,,,,,,
hamburger meat,bottled water,detergent,cream cheese,root vegetables,whipped/sour cream,,,,
frozen vegetables,whole milk,butter,pastry,,,,,,
ice cream,fruit/vegetable juice,napkins,chicken,hamburger meat,,,,,
soda,citrus fruit,,,,,,,,
whipped/sour cream,ice cream,detergent,,,,,,,
ice cream,whipped/sour cream,sausage,pork,detergent,,,,,
citrus fruit,whole milk,curd,soda,chicken,pork,rolls/buns,bottled water,brown bread,
napkins,whipped/sour cream,coffee,pork,fruit/vegetable juice,hamburger meat,,,,
frozen vegetables,fruit/vegetable juice,pip fruit,cream cheese,butter,bottled water,pastry,yogurt,newspapers,
brown bread,,,,,,,,,
domestic eggs,hamburger meat,,,,,,,,
whipped/sour cream,pastry,napkins,pip fruit,root vegetables,,,,,
ice cream,citrus fruit,newspapers,root vegetables,other vegetables,tropical fruit,curd,shopping bags,,
bottled water,whipped/sour cream,fruit/vegetable juice,pip fruit,citrus fruit,chicken,detergent,brown bread,domestic eggs,
cream cheese,newspapers,chicken,hamburger meat,brown bread,butter,pork,,,
bottled water,shopping bags,cream cheese,root vegetables,rolls/buns,sausage,yogurt,citrus fruit,,
domestic eggs,curd,brown bread,,,,,,,
yogurt,margarine,fruit/vegetable juice,tropical fruit,root vegetables,curd,rolls/buns,,,
butter,whipped/sour cream,rolls/buns,brown bread,yogurt,cream cheese,,,,
sausage,detergent,margarine,,,,,,,
sausage,citrus fruit,brown bread,root vegetables,rolls/buns,yogurt,frozen vegetables,butter,margarine,cream cheese
shopping bags,rolls/buns,,,,,,,,
pip fruit,bottled water,soda,rolls/buns,,,,,,
cream cheese,pork,domestic eggs,rolls/buns,curd,other vegetables,shopping bags,,,
cream cheese,coffee,newspapers,brown bread,shopping bags,hamburger meat,margarine,pastry,,
domestic eggs,curd,citrus fruit,napkins,pork,newspapers,sausage,cream cheese,shopping bags,
tropical fruit,soda,chicken,napkins,domestic eggs,yogurt,whole milk,hamburger meat,,
rolls/buns,ice cream,butter,cream cheese,other vegetables,,,,,
detergent,root vegetables,frozen vegetables,domestic eggs,coffee,curd,newspapers,,,
whole milk,other vegetables,pip fruit,margarine,bottled water,fruit/vegetable juice,,,,
chicken,other vegetables,,,,,,,,
shopping bags,brown bread,bottled water,other vegetables,citrus fruit,,,,,
root vegetables,cream cheese,frozen vegetables,tropical fruit,pastry,whole milk,rolls/buns,fruit/vegetable juice,napkins,domestic eggs
fruit/vegetable juice,sausage,,,,,,,,
cream cheese,,,,,,,,,
yogurt,rolls/buns,root vegetables,chicken,soda,,,,,
brown bread,,,,,,,,,
hamburger meat,pastry,napkins,citrus fruit,bottled water,tropical fruit,detergent,chicken,,
chicken,curd,hamburger meat,soda,,,,,,
brown bread,soda,frozen vegetables,curd,ice cream,bottled water,rolls/buns,citrus fruit,margarine,
whipped/sour cream,domestic eggs,pastry,napkins,shopping bags,chicken,detergent,,,
pork,detergent,pip fruit,soda,newspapers,pastry,shopping bags,,,
rolls/buns,margarine,napkins,coffee,yogurt,,,,,
brown bread,cream cheese,bottled water,whole milk,citrus fruit,frozen vegetables,,,,
fruit/vegetable juice,hamburger meat,cream cheese,,,,,,,
frozen vegetables,whipped/sour cream,rolls/buns,detergent,margarine,,,,,
coffee,citrus fruit,soda,frozen vegetables,domestic eggs,root vegetables,fruit/vegetable juice,whole milk,sausage,
domestic eggs,citrus fruit,cream cheese,,,,,,,
cream cheese,root vegetables,,,,,,,,
tropical fruit,,,,,,,,,
rolls/buns,coffee,domestic eggs,shopping bags,root vegetables,bottled water,pork,pastry,brown bread,
chicken,coffee,soda,napkins,pastry,domestic eggs,,,,
shopping bags,cream cheese,whipped/sour cream,fruit/vegetable juice,butter,,,,,
whole milk,chicken,,,,,,,,
other vegetables,hamburger meat,detergent,newspapers,yogurt,soda,,,,
soda,napkins,shopping bags,whole milk,whipped/sour cream,margarine,pip fruit,,,
margarine,other vegetables,,,,,,,,
rolls/buns,pork,curd,chicken,frozen vegetables,ice cream,coffee,hamburger meat,newspapers,
root vegetables,shopping bags,rolls/buns,ice cream,newspapers,,,,,
sausage,tropical fruit,whole milk,napkins,fruit/vegetable juice,domestic eggs,brown bread,,,
brown bread,chicken,,,,,,,,
fruit/vegetable juice,soda,napkins,pork,,,,,,
brown bread,margarine,rolls/buns,whole milk,,,,,,
hamburger meat,frozen vegetables,detergent,coffee,pork,,,,,
chicken,soda,rolls/buns,yogurt,pastry,pork,whole milk,coffee,,
soda,hamburger meat,whole milk,detergent,sausage,tropical fruit,coffee,whipped/sour cream,margarine,curd
curd,hamburger meat,tropical fruit,whipped/sour cream,domestic eggs,fruit/vegetable juice,pastry,soda,brown bread,
pork,hamburger meat,,,,,,,,
sausage,,,,,,,,,
margarine,brown bread,whipped/sour cream,domestic eggs,,,,,,
citrus fruit,newspapers,rolls/buns,pastry,frozen vegetables,,,,,
root vegetables,whole milk,,,,,,,,
chicken,domestic eggs,frozen vegetables,whipped/sour cream,other vegetables,sausage,,,,
cream cheese,domestic eggs,sausage,whipped/sour cream,root vegetables,rolls/buns,other vegetables,pastry,pip fruit,
citrus fruit,newspapers,hamburger meat,yogurt,butter,ice cream,chicken,pastry,pip fruit,coffee
napkins,hamburger meat,coffee,curd,margarine,ice cream,rolls/buns,,,
butter,cream cheese,pastry,yogurt,ice cream,shopping bags,,,,
citrus fruit,yogurt,tropical fruit,sausage,domestic eggs,newspapers,pastry,rolls/buns,,
pip fruit,rolls/buns,cream cheese,brown bread,citrus fruit,domestic eggs,napkins,bottled water,,
butter,bottled water,soda,brown bread,frozen vegetables,citrus fruit,fruit/vegetable juice,,,
fruit/vegetable juice,citrus fruit,cream cheese,other vegetables,pip fruit,,,,,
brown bread,detergent,rolls/buns,napkins,curd,whole milk,shopping bags,ice cream,pip fruit,tropical fruit
frozen vegetables,whipped/sour cream,coffee,napkins,tropical fruit,hamburger meat,butter,brown bread,citrus fruit,other vegetables
ice cream,butter,pastry,soda,tropical fruit,whole milk,root vegetables,,,
whipped/sour cream,chicken,bottled water,ice cream,pastry,soda,brown bread,other vegetables,hamburger meat,
whipped/sour cream,domestic eggs,pip fruit,shopping bags,rolls/buns,yogurt,,,,
napkins,soda,curd,root vegetables,whipped/sour cream,,,,,
sausage,cream cheese,,,,,,,,
coffee,rolls/buns,pastry,cream cheese,detergent,pork,newspapers,butter,whipped/sour cream,curd
frozen vegetables,butter,other vegetables,root vegetables,yogurt,margarine,sausage,pork,,
butter,cream cheese,curd,yogurt,tropical fruit,citrus fruit,,,,
pork,other vegetables,whipped/sour cream,domestic eggs,fruit/vegetable juice,ice cream,newspapers,cream cheese,margarine,
hamburger meat,pork,chicken,detergent,,,,,,
rolls/buns,margarine,root vegetables,napkins,domestic eggs,ice cream,detergent,,,
root vegetables,,,,,,,,,
sausage,,,,,,,,,
hamburger meat,chicken,yogurt,pork,whole milk,pip fruit,fruit/vegetable juice,pastry,,
napkins,tropical fruit,root vegetables,,,,,,,
rolls/buns,pip fruit,citrus fruit,pastry,tropical fruit,whipped/sour cream,shopping bags,,,
pip fruit,domestic eggs,sausage,root vegetables,rolls/buns,pork,,,,
chicken,pip fruit,curd,detergent,margarine,coffee,tropical fruit,,,
rolls/buns,whipped/sour cream,tropical fruit,ice cream,,,,,,
soda,,,,,,,,,
newspapers,detergent,chicken,coffee,bottled water,,,,,
ice cream,chicken,cream cheese,butter,,,,,,
soda,sausage,pip fruit,pastry,bottled water,rolls/buns,napkins,chicken,cream cheese,
bottled water,domestic eggs,root vegetables,pip fruit,,,,,,
root vegetables,margarine,fruit/vegetable juice,butter,whipped/sour cream,soda,domestic eggs,yogurt,rolls/buns,
margarine,,,,,,,,,
frozen vegetables,,,,,,,,,
domestic eggs,tropical fruit,,,,,,,,
hamburger meat,ice cream,whipped/sour cream,domestic eggs,napkins,pastry,whole milk,,,
soda,shopping bags,domestic eggs,frozen vegetables,hamburger meat,other vegetables,citrus fruit,curd,,
pastry,yogurt,citrus fruit,other vegetables,hamburger meat,,,,,
chicken,whole milk,cream cheese,margarine,,,,,,
pip fruit,rolls/buns,,,,,,,,
curd,ice cream,pip fruit,sausage,domestic eggs,fruit/vegetable juice,citrus fruit,pork,bottled water,
fruit/vegetable juice,pip fruit,chicken,whipped/sour cream,tropical fruit,ice cream,margarine,,,
pork,bottled water,detergent,tropical fruit,butter,,,,,
shopping bags,margarine,,,,,,,,
coffee,,,,,,,,,
root vegetables,citrus fruit,brown bread,margarine,bottled water,fruit/vegetable juice,pip fruit,frozen vegetables,,
other vegetables,pip fruit,,,,,,,,
pip fruit,frozen vegetables,cream cheese,bottled water,,,,,,
soda,,,,,,,,,
domestic eggs,coffee,other vegetables,hamburger meat,soda,detergent,chicken,,,
coffee,,,,,,,,,
hamburger meat,coffee,sausage,,,,,,,
frozen vegetables,butter,whole milk,curd,chicken,domestic eggs,napkins,soda,brown bread,
pork,pip fruit,butter,,,,,,,
citrus fruit,domestic eggs,chicken,pip fruit,,,,,,
cream cheese,pastry,,,,,,,,
shopping bags,,,,,,,,,
pork,cream cheese,sausage,curd,hamburger meat,soda,shopping bags,newspapers,detergent,pip fruit
chicken,ice cream,citrus fruit,pip fruit,shopping bags,coffee,,,,
ice cream,bottled water,whipped/sour cream,yogurt,curd,,,,,
coffee,ice cream,yogurt,newspapers,citrus fruit,shopping bags,pip fruit,cream cheese,whipped/sour cream,
cream cheese,,,,,,,,,
napkins,citrus fruit,chicken,rolls/buns,pastry,curd,pip fruit,,,
pip fruit,napkins,domestic eggs,other vegetables,,,,,,
root vegetables,newspapers,shopping bags,whipped/sour cream,whole milk,pastry,tropical fruit,pork,ice cream,brown bread
rolls/buns,root vegetables,napkins,newspapers,whole milk,margarine,chicken,pork,fruit/vegetable juice,
margarine,frozen vegetables,fruit/vegetable juice,tropical fruit,yogurt,,,,,
pip fruit,whole milk,bottled water,citrus fruit,chicken,whipped/sour cream,margarine,pork,,
rolls/buns,fruit/vegetable juice,,,,,,,,
hamburger meat,shopping bags,,,,,,,,
soda,chicken,,,,,,,,
pork,fruit/vegetable juice,soda,detergent,sausage,cream cheese,shopping bags,pastry,pip fruit,
fruit/vegetable juice,butter,detergent,whipped/sour cream,citrus fruit,other vegetables,tropical fruit,cream cheese,pork,frozen vegetables
hamburger meat,ice cream,newspapers,frozen vegetables,butter,chicken,,,,
butter,domestic eggs,newspapers,bottled water,rolls/buns,,,,,
other vegetables,,,,,,,,,
cream cheese,ice cream,pork,detergent,soda,newspapers,chicken,shopping bags,,
whole milk,pastry,hamburger meat,margarine,frozen vegetables,domestic eggs,,,,
chicken,rolls/buns,,,,,,,,
brown bread,frozen vegetables,,,,,,,,
sausage,napkins,butter,,,,,,,
pastry,sausage,,,,,,,,
detergent,ice cream,coffee,,,,,,,
bottled water,,,,,,,,,
chicken,pastry,domestic eggs,,,,,,,
whole milk,pork,margarine,ice cream,root vegetables,detergent,whipped/sour cream,,,
yogurt,,,,,,,,,
margarine,whole milk,bottled water,soda,rolls/buns,cream cheese,sausage,,,
cream cheese,citrus fruit,whipped/sour cream,napkins,yogurt,coffee,soda,pastry,,
whipped/sour cream,coffee,yogurt,shopping bags,pip fruit,,,,,
whole milk,ice cream,pip fruit,pork,other vegetables,napkins,domestic eggs,yogurt,rolls/buns,soda
hamburger meat,whole milk,bottled water,rolls/buns,pork,,,,,
napkins,coffee,bottled water,curd,detergent,sausage,tropical fruit,brown bread,soda,
whole milk,soda,,,,,,,,
pastry,chicken,,,,,,,,
newspapers,other vegetables,cream cheese,butter,pork,,,,,
root vegetables,detergent,fruit/vegetable juice,rolls/buns,citrus fruit,butter,pork,brown bread,domestic eggs,
whole milk,shopping bags,pork,domestic eggs,frozen vegetables,,,,,
coffee,frozen vegetables,whipped/sour cream,root vegetables,domestic eggs,tropical fruit,shopping bags,butter,,
soda,whole milk,,,,,,,,
rolls/buns,whipped/sour cream,tropical fruit,coffee,bottled water,brown bread,pork,,,
fruit/vegetable juice,pork,curd,pastry,cream cheese,butter,,,,
domestic eggs,pip fruit,rolls/buns,pork,,,,,,
napkins,,,,,,,,,
soda,detergent,coffee,newspapers,napkins,butter,curd,brown bread,pork,domestic eggs
brown bread,napkins,soda,shopping bags,root vegetables,frozen vegetables,curd,sausage,,
napkins,cream cheese,domestic eggs,newspapers,tropical fruit,other vegetables,yogurt,chicken,root vegetables,rolls/buns
chicken,root vegetables,sausage,curd,pip fruit,coffee,domestic eggs,pork,,
hamburger meat,pork,bottled water,,,,,,,
whole milk,butter,yogurt,shopping bags,margarine,rolls/buns,,,,
pastry,bottled water,soda,margarine,butter,chicken,citrus fruit,pip fruit,other vegetables,
yogurt,rolls/buns,citrus fruit,whole milk,butter,pastry,hamburger meat,,,
root vegetables,curd,other vegetables,,,,,,,
whipped/sour cream,tropical fruit,cream cheese,fruit/vegetable juice,butter,newspapers,pip fruit,pork,,
domestic eggs,soda,sausage,chicken,newspapers,,,,,
whipped/sour cream,detergent,bottled water,fruit/vegetable juice,sausage,,,,,
tropical fruit,domestic eggs,pip fruit,butter,frozen vegetables,citrus fruit,detergent,coffee,,
soda,bottled water,pip fruit,,,,,,,
yogurt,whole milk,whipped/sour cream,domestic eggs,cream cheese,,,,,
domestic eggs,pip fruit,brown bread,,,,,,,
curd,rolls/buns,,,,,,,,
pork,coffee,pip fruit,tropical fruit,whipped/sour cream,rolls/buns,fruit/vegetable juice,margarine,frozen vegetables,whole milk
pork,,,,,,,,,
domestic eggs,fruit/vegetable juice,butter,coffee,whipped/sour cream,cream cheese,whole milk,newspapers,,
newspapers,margarine,pork,shopping bags,,,,,,
domestic eggs,,,,,,,,,
fruit/vegetable juice,,,,,,,,,
sausage,brown bread,shopping bags,pastry,pork,pip fruit,newspapers,hamburger meat,cream cheese,bottled water
pip fruit,,,,,,,,,
hamburger meat,pork,root vegetables,coffee,,,,,,
margarine,butter,detergent,pastry,,,,,,
detergent,,,,,,,,,
root vegetables,newspapers,citrus fruit,cream cheese,sausage,,,,,
root vegetables,bottled water,detergent,other vegetables,butter,hamburger meat,napkins,yogurt,pastry,
whipped/sour cream,domestic eggs,newspapers,brown bread,soda,curd,,,,
shopping bags,tropical fruit,,,,,,,,
citrus fruit,whole milk,bottled water,,,,,,,
pip fruit,pastry,pork,sausage,other vegetables,chicken,frozen vegetables,cream cheese,,
soda,sausage,hamburger meat,butter,whipped/sour cream,citrus fruit,,,,
napkins,pork,shopping bags,pip fruit,root vegetables,,,,,
margarine,curd,whipped/sour cream,pastry,,,,,,
pip fruit,whipped/sour cream,fruit/vegetable juice,margarine,,,,,,
napkins,shopping bags,other vegetables,coffee,domestic eggs,,,,,
yogurt,ice cream,curd,pork,chicken,tropical fruit,domestic eggs,,,
yogurt,shopping bags,frozen vegetables,rolls/buns,,,,,,
butter,domestic eggs,whole milk,curd,newspapers,rolls/buns,pork,,,
whole milk,whipped/sour cream,,,,,,,,
pastry,hamburger meat,chicken,soda,brown bread,,,,,
whipped/sour cream,citrus fruit,napkins,pip fruit,fruit/vegetable juice,other vegetables,,,,
whipped/sour cream,domestic eggs,cream cheese,margarine,,,,,,
pork,whole milk,,,,,,,,
tropical fruit,other vegetables,,,,,,,,
citrus fruit,pip fruit,ice cream,root vegetables,domestic eggs,curd,yogurt,,,
cream cheese,whipped/sour cream,frozen vegetables,pork,margarine,hamburger meat,shopping bags,sausage,,
detergent,chicken,domestic eggs,curd,whole milk,,,,,
root vegetables,tropical fruit,fruit/vegetable juice,curd,bottled water,,,,,
margarine,detergent,tropical fruit,butter,pastry,hamburger meat,,,,
whipped/sour cream,butter,bottled water,other vegetables,napkins,hamburger meat,frozen vegetables,coffee,margarine,tropical fruit
tropical fruit,fruit/vegetable juice,coffee,root vegetables,other vegetables,soda,,,,
butter,napkins,frozen vegetables,bottled water,chicken,soda,yogurt,,,
whipped/sour cream,hamburger meat,root vegetables,,,,,,,
pastry,fruit/vegetable juice,hamburger meat,napkins,whole milk,root vegetables,soda,detergent,butter,
frozen vegetables,shopping bags,yogurt,pip fruit,root vegetables,other vegetables,whipped/sour cream,brown bread,,
shopping bags,newspapers,brown bread,yogurt,whipped/sour cream,soda,napkins,curd,domestic eggs,ice cream
root vegetables,yogurt,tropical fruit,soda,margarine,,,,,
bottled water,,,,,,,,,
hamburger meat,butter,citrus fruit,bottled water,fruit/vegetable juice,pip fruit,curd,detergent,,
ice cream,napkins,coffee,,,,,,,
margarine,whole milk,domestic eggs,shopping bags,fruit/vegetable juice,pork,sausage,butter,coffee,detergent
fruit/vegetable juice,whipped/sour cream,rolls/buns,whole milk,,,,,,
brown bread,butter,chicken,shopping bags,domestic eggs,whole milk,tropical fruit,sausage,,
margarine,sausage,ice cream,fruit/vegetable juice,curd,rolls/buns,hamburger meat,,,
curd,coffee,sausage,margarine,bottled water,rolls/buns,,,,
soda,,,,,,,,,
pip fruit,margarine,coffee,butter,other vegetables,,,,,
pork,,,,,,,,,
butter,cream cheese,margarine,pork,pip fruit,ice cream,curd,,,
domestic eggs,brown bread,soda,rolls/buns,,,,,,
pip fruit,other vegetables,detergent,pork,bottled water,chicken,,,,
brown bread,,,,,,,,,
margarine,napkins,ice cream,citrus fruit,cream cheese,hamburger meat,detergent,pip fruit,,
cream cheese,coffee,pastry,tropical fruit,,,,,,
fruit/vegetable juice,brown bread,,,,,,,,
newspapers,pork,shopping bags,sausage,chicken,tropical fruit,,,,
cream cheese,pip fruit,rolls/buns,yogurt,other vegetables,chicken,frozen vegetables,citrus fruit,margarine,whipped/sour cream
brown bread,hamburger meat,chicken,rolls/buns,,,,,,
bottled water,other vegetables,yogurt,brown bread,shopping bags,hamburger meat,ice cream,root vegetables,whole milk,
ice cream,newspapers,,,,,,,,
newspapers,napkins,margarine,ice cream,bottled water,cream cheese,,,,
pastry,bottled water,whipped/sour cream,yogurt,frozen vegetables,curd,napkins,detergent,margarine,soda
frozen vegetables,margarine,rolls/buns,pip fruit,,,,,,
whipped/sour cream,rolls/buns,domestic eggs,pastry,,,,,,
detergent,curd,ice cream,root vegetables,bottled water,rolls/buns,shopping bags,,,
frozen vegetables,rolls/buns,,,,,,,,
chicken,coffee,domestic eggs,,,,,,,
brown bread,domestic eggs,bottled water,coffee,soda,cream cheese,frozen vegetables,napkins,newspapers,detergent
pastry,brown bread,citrus fruit,,,,,,,
margarine,whole milk,napkins,citrus fruit,brown bread,,,,,
citrus fruit,curd,detergent,newspapers,shopping bags,fruit/vegetable juice,other vegetables,margarine,rolls/buns,
rolls/buns,napkins,butter,yogurt,ice cream,,,,,
citrus fruit,whipped/sour cream,pork,coffee,frozen vegetables,other vegetables,pip fruit,sausage,fruit/vegetable juice,soda
napkins,shopping bags,pork,butter,whole milk,bottled water,other vegetables,margarine,whipped/sour cream,hamburger meat
rolls/buns,fruit/vegetable juice,cream cheese,yogurt,,,,,,
margarine,frozen vegetables,brown bread,napkins,pork,fruit/vegetable juice,detergent,,,
pastry,newspapers,,,,,,,,
ice cream,yogurt,tropical fruit,root vegetables,chicken,,,,,
frozen vegetables,curd,rolls/buns,hamburger meat,margarine,domestic eggs,brown bread,sausage,,
root vegetables,pip fruit,other vegetables,coffee,detergent,brown bread,tropical fruit,domestic eggs,,
sausage,domestic eggs,shopping bags,,,,,,,
hamburger meat,newspapers,pork,cream cheese,chicken,yogurt,whipped/sour cream,,,
newspapers,,,,,,,,,
bottled water,domestic eggs,sausage,whipped/sour cream,detergent,other vegetables,coffee,rolls/buns,,
tropical fruit,detergent,,,,,,,,
newspapers,butter,whipped/sour cream,whole milk,pork,napkins,,,,
butter,yogurt,whole milk,pastry,coffee,,,,,
yogurt,whole milk,,,,,,,,
detergent,ice cream,yogurt,domestic eggs,pastry,chicken,frozen vegetables,,,
napkins,,,,,,,,,
pork,hamburger meat,yogurt,butter,sausage,curd,ice cream,detergent,domestic eggs,pastry
pastry,rolls/buns,hamburger meat,bottled water,napkins,coffee,detergent,margarine,pip fruit,curd
domestic eggs,sausage,bottled water,pork,detergent,pip fruit,,,,
newspapers,,,,,,,,,
soda,whipped/sour cream,detergent,citrus fruit,coffee,cream cheese,yogurt,shopping bags,sausage,
pastry,newspapers,frozen vegetables,tropical fruit,curd,sausage,,,,
other vegetables,domestic eggs,brown bread,frozen vegetables,pip fruit,root vegetables,chicken,ice cream,rolls/buns,
yogurt,margarine,detergent,coffee,shopping bags,whipped/sour cream,,,,
sausage,pastry,whipped/sour cream,yogurt,fruit/vegetable juice,,,,,
shopping bags,pastry,bottled water,,,,,,,
bottled water,domestic eggs,,,,,,,,
fruit/vegetable juice,pastry,bottled water,hamburger meat,frozen vegetables,soda,curd,cream cheese,pork,
citrus fruit,fruit/vegetable juice,shopping bags,tropical fruit,,,,,,
pork,,,,,,,,,
soda,,,,,,,,,
napkins,coffee,hamburger meat,tropical fruit,curd,,,,,
sausage,napkins,ice cream,rolls/buns,,,,,,
pastry,domestic eggs,,,,,,,,
tropical fruit,butter,whole milk,,,,,,,
domestic eggs,sausage,margarine,pastry,other vegetables,cream cheese,hamburger meat,pip fruit,,
newspapers,shopping bags,curd,margarine,pork,whole milk,hamburger meat,soda,root vegetables,
whole milk,curd,citrus fruit,detergent,,,,,,
cream cheese,pastry,hamburger meat,whole milk,soda,bottled water,rolls/buns,root vegetables,shopping bags,pip fruit
frozen vegetables,bottled water,sausage,butter,coffee,,,,,
pork,napkins,,,,,,,,
soda,pork,napkins,domestic eggs,shopping bags,yogurt,,,,
yogurt,soda,fruit/vegetable juice,pastry,root vegetables,sausage,,,,
bottled water,detergent,shopping bags,whole milk,other vegetables,newspapers,soda,citrus fruit,,
butter,chicken,yogurt,newspapers,margarine,shopping bags,frozen vegetables,,,
fruit/vegetable juice,sausage,frozen vegetables,chicken,curd,citrus fruit,root vegetables,whipped/sour cream,detergent,coffee
sausage,frozen vegetables,cream cheese,newspapers,ice cream,brown bread,pork,,,
soda,ice cream,cream cheese,newspapers,whole milk,,,,,
bottled water,pastry,newspapers,root vegetables,tropical fruit,,,,,
tropical fruit,other vegetables,sausage,chicken,domestic eggs,curd,root vegetables,ice cream,napkins,
whipped/sour cream,newspapers,pork,,,,,,,
pastry,coffee,yogurt,domestic eggs,detergent,rolls/buns,frozen vegetables,newspapers,soda,bottled water
butter,brown bread,pork,detergent,coffee,fruit/vegetable juice,,,,
cream cheese,frozen vegetables,coffee,detergent,,,,,,
root vegetables,yogurt,napkins,pork,coffee,ice cream,whole milk,,,
napkins,margarine,coffee,hamburger meat,,,,,,
root vegetables,,,,,,,,,
ice cream,bottled water,whipped/sour cream,brown bread,,,,,,
fruit/vegetable juice,shopping bags,bottled water,soda,,,,,,
pastry,shopping bags,detergent,other vegetables,cream cheese,coffee,yogurt,newspapers,fruit/vegetable juice,
chicken,curd,pork,newspapers,hamburger meat,fruit/vegetable juice,rolls/buns,ice cream,root vegetables,
pip fruit,fruit/vegetable juice,shopping bags,sausage,coffee,whole milk,,,,
ice cream,domestic eggs,margarine,yogurt,detergent,whole milk,bottled water,whipped/sour cream,butter,
pip fruit,margarine,coffee,other vegetables,pork,,,,,
whole milk,,,,,,,,,
yogurt,tropical fruit,,,,,,,,
bottled water,yogurt,whipped/sour cream,sausage,tropical fruit,cream cheese,other vegetables,soda,,
whipped/sour cream,detergent,shopping bags,frozen vegetables,,,,,,
coffee,,,,,,,,,
tropical fruit,detergent,curd,hamburger meat,,,,,,
frozen vegetables,coffee,,,,,,,,
cream cheese,shopping bags,pip fruit,frozen vegetables,rolls/buns,domestic eggs,,,,
chicken,yogurt,citrus fruit,coffee,margarine,shopping bags,soda,,,
soda,cream cheese,,,,,,,,
whipped/sour cream,other vegetables,domestic eggs,whole milk,citrus fruit,hamburger meat,root vegetables,soda,,
margarine,sausage,,,,,,,,
pip fruit,,,,,,,,,
butter,brown bread,ice cream,soda,newspapers,domestic eggs,,,,
domestic eggs,cream cheese,pastry,,,,,,,
newspapers,frozen vegetables,,,,,,,,
domestic eggs,curd,whole milk,other vegetables,,,,,,
margarine,pork,,,,,,,,
coffee,butter,whole milk,citrus fruit,,,,,,
citrus fruit,coffee,pastry,domestic eggs,whipped/sour cream,,,,,
fruit/vegetable juice,whipped/sour cream,bottled water,tropical fruit,root vegetables,napkins,coffee,butter,sausage,detergent
yogurt,ice cream,domestic eggs,margarine,fruit/vegetable juice,curd,hamburger meat,bottled water,shopping bags,butter
pip fruit,sausage,shopping bags,fruit/vegetable juice,tropical fruit,frozen vegetables,,,,
napkins,sausage,root vegetables,whole milk,chicken,newspapers,shopping bags,whipped/sour cream,,
domestic eggs,tropical fruit,pork,root vegetables,newspapers,hamburger meat,napkins,margarine,detergent,
butter,ice cream,,,,,,,,
citrus fruit,whipped/sour cream,coffee,detergent,newspapers,sausage,domestic eggs,root vegetables,soda,margarine
newspapers,soda,sausage,whole milk,whipped/sour cream,cream cheese,margarine,,,
napkins,margarine,bottled water,,,,,,,
shopping bags,,,,,,,,,
curd,domestic eggs,,,,,,,,
soda,citrus fruit,bottled water,,,,,,,
root vegetables,butter,,,,,,,,
hamburger meat,yogurt,shopping bags,napkins,whole milk,coffee,tropical fruit,margarine,,
margarine,other vegetables,butter,rolls/buns,shopping bags,pip fruit,soda,,,
curd,,,,,,,,,
citrus fruit,newspapers,whipped/sour cream,rolls/buns,coffee,pork,pip fruit,yogurt,whole milk,hamburger meat
rolls/buns,napkins,brown bread,detergent,frozen vegetables,butter,pip fruit,newspapers,curd,whipped/sour cream
curd,whole milk,napkins,domestic eggs,bottled water,newspapers,citrus fruit,frozen vegetables,cream cheese,
shopping bags,ice cream,whole milk,pork,pastry,citrus fruit,,,,
other vegetables,napkins,tropical fruit,whole milk,citrus fruit,bottled water,curd,cream cheese,,
soda,rolls/buns,frozen vegetables,fruit/vegetable juice,brown bread,cream cheese,,,,
detergent,tropical fruit,whole milk,cream cheese,brown bread,pork,fruit/vegetable juice,,,
napkins,frozen vegetables,,,,,,,,
frozen vegetables,,,,,,,,,
chicken,coffee,sausage,,,,,,,
detergent,newspapers,fruit/vegetable juice,curd,rolls/buns,pastry,brown bread,,,
root vegetables,whole milk,cream cheese,frozen vegetables,napkins,,,,,
soda,citrus fruit,bottled water,sausage,coffee,pip fruit,,,,
whipped/sour cream,other vegetables,newspapers,sausage,coffee,,,,,
whipped/sour cream,citrus fruit,chicken,root vegetables,pip fruit,sausage,shopping bags,,,
butter,bottled water,brown bread,chicken,citrus fruit,other vegetables,detergent,sausage,curd,
butter,margarine,pork,coffee,fruit/vegetable juice,tropical fruit,rolls/buns,,,
shopping bags,margarine,hamburger meat,brown bread,,,,,,
newspapers,other vegetables,shopping bags,napkins,yogurt,margarine,brown bread,tropical fruit,bottled water,frozen vegetables
newspapers,curd,bottled water,coffee,detergent,brown bread,pip fruit,soda,,
chicken,soda,domestic eggs,other vegetables,,,,,,
fruit/vegetable juice,bottled water,hamburger meat,,,,,,,
bottled water,hamburger meat,whole milk,coffee,margarine,ice cream,pastry,,,
tropical fruit,,,,,,,,,
brown bread,detergent,tropical fruit,citrus fruit,napkins,other vegetables,,,,
detergent,bottled water,napkins,other vegetables,root vegetables,,,,,
ice cream,tropical fruit,rolls/buns,pip fruit,hamburger meat,pastry,pork,chicken,,
detergent,ice cream,sausage,bottled water,domestic eggs,hamburger meat,shopping bags,frozen vegetables,whipped/sour cream,tropical fruit
other vegetables,butter,yogurt,pastry,shopping bags,brown bread,,,,
yogurt,pip fruit,newspapers,pork,tropical fruit,curd,chicken,whipped/sour cream,butter,
newspapers,napkins,,,,,,,,
domestic eggs,detergent,other vegetables,root vegetables,cream cheese,yogurt,brown bread,pork,newspapers,
whipped/sour cream,brown bread,hamburger meat,fruit/vegetable juice,butter,root vegetables,ice cream,curd,,
hamburger meat,newspapers,ice cream,curd,sausage,,,,,
coffee,cream cheese,pastry,,,,,,,
cream cheese,napkins,citrus fruit,newspapers,whipped/sour cream,,,,,
napkins,,,,,,,,,
coffee,newspapers,hamburger meat,rolls/buns,,,,,,
pastry,whole milk,other vegetables,pork,fruit/vegetable juice,hamburger meat,citrus fruit,,,
brown bread,hamburger meat,chicken,newspapers,butter,,,,,
margarine,curd,pastry,frozen vegetables,napkins,,,,,
detergent,newspapers,butter,,,,,,,
pip fruit,citrus fruit,yogurt,soda,hamburger meat,whole milk,pastry,fruit/vegetable juice,napkins,
pastry,detergent,,,,,,,,
yogurt,whole milk,sausage,domestic eggs,rolls/buns,bottled water,,,,
domestic eggs,soda,napkins,coffee,pip fruit,frozen vegetables,fruit/vegetable juice,citrus fruit,other vegetables,
ice cream,whipped/sour cream,hamburger meat,pork,,,,,,
pork,,,,,,,,,
chicken,detergent,whole milk,root vegetables,napkins,fruit/vegetable juice,,,,
soda,citrus fruit,root vegetables,pip fruit,margarine,shopping bags,rolls/buns,other vegetables,tropical fruit,domestic eggs
pip fruit,pork,tropical fruit,margarine,other vegetables,soda,yogurt,whole milk,pastry,
chicken,rolls/buns,fruit/vegetable juice,coffee,cream cheese,,,,,
soda,rolls/buns,fruit/vegetable juice,curd,,,,,,
pip fruit,butter,shopping bags,soda,pork,sausage,detergent,yogurt,pastry,ice cream
shopping bags,rolls/buns,,,,,,,,
ice cream,pastry,shopping bags,,,,,,,
domestic eggs,shopping bags,,,,,,,,
bottled water,newspapers,,,,,,,,
yogurt,pip fruit,fruit/vegetable juice,tropical fruit,other vegetables,napkins,root vegetables,,,
citrus fruit,pastry,domestic eggs,rolls/buns,,,,,,
hamburger meat,coffee,citrus fruit,whipped/sour cream,frozen vegetables,shopping bags,fruit/vegetable juice,,,
frozen vegetables,pork,fruit/vegetable juice,newspapers,pastry,pip fruit,coffee,curd,,
tropical fruit,napkins,,,,,,,,
tropical fruit,pork,hamburger meat,pastry,root vegetables,curd,,,,
tropical fruit,other vegetables,brown bread,chicken,,,,,,
coffee,whole milk,yogurt,pork,hamburger meat,soda,shopping bags,,,
other vegetables,curd,brown bread,bottled water,frozen vegetables,napkins,,,,
pastry,newspapers,citrus fruit,brown bread,butter,curd,chicken,detergent,bottled water,tropical fruit
pork,root vegetables,hamburger meat,whipped/sour cream,ice cream,,,,,
sausage,pork,rolls/buns,curd,,,,,,
other vegetables,domestic eggs,curd,bottled water,butter,chicken,sausage,,,
chicken,hamburger meat,pork,brown bread,fruit/vegetable juice,citrus fruit,,,,
chicken,pork,hamburger meat,newspapers,domestic eggs,pastry,pip fruit,,,
cream cheese,yogurt,fruit/vegetable juice,newspapers,citrus fruit,root vegetables,napkins,,,
napkins,,,,,,,,,
root vegetables,domestic eggs,soda,cream cheese,butter,pork,citrus fruit,,,
cream cheese,hamburger meat,napkins,pip fruit,,,,,,
other vegetables,brown bread,curd,yogurt,pastry,detergent,ice cream,,,
whipped/sour cream,,,,,,,,,
tropical fruit,pip fruit,sausage,hamburger meat,chicken,napkins,rolls/buns,frozen vegetables,fruit/vegetable juice,
butter,domestic eggs,brown bread,,,,,,,
coffee,brown bread,,,,,,,,
yogurt,fruit/vegetable juice,whole milk,margarine,hamburger meat,tropical fruit,,,,
hamburger meat,detergent,brown bread,citrus fruit,shopping bags,bottled water,whole milk,frozen vegetables,,
other vegetables,napkins,pastry,,,,,,,
root vegetables,fruit/vegetable juice,cream cheese,margarine,citrus fruit,,,,,
yogurt,,,,,,,,,
chicken,rolls/buns,brown bread,napkins,domestic eggs,,,,,
chicken,soda,other vegetables,napkins,bottled water,,,,,
hamburger meat,whipped/sour cream,pork,napkins,rolls/buns,shopping bags,butter,tropical fruit,,
root vegetables,bottled water,ice cream,domestic eggs,margarine,rolls/buns,chicken,pork,tropical fruit,
detergent,brown bread,,,,,,,,
rolls/buns,fruit/vegetable juice,whipped/sour cream,pastry,cream cheese,napkins,other vegetables,butter,ice cream,
tropical fruit,detergent,yogurt,butter,curd,chicken,,,,
sausage,pork,citrus fruit,yogurt,other vegetables,chicken,pip fruit,whipped/sour cream,domestic eggs,tropical fruit
chicken,whole milk,citrus fruit,,,,,,,
other vegetables,coffee,pip fruit,tropical fruit,sausage,domestic eggs,ice cream,root vegetables,hamburger meat,
ice cream,,,,,,,,,
margarine,rolls/buns,hamburger meat,shopping bags,pip fruit,whole milk,citrus fruit,,,
pip fruit,coffee,detergent,newspapers,sausage,shopping bags,,,,
newspapers,rolls/buns,domestic eggs,margarine,coffee,pastry,hamburger meat,butter,cream cheese,ice cream
chicken,curd,,,,,,,,
margarine,pork,whipped/sour cream,bottled water,curd,,,,,
ice cream,shopping bags,pip fruit,brown bread,pork,,,,,
hamburger meat,pork,detergent,other vegetables,shopping bags,,,,,
citrus fruit,fruit/vegetable juice,other vegetables,,,,,,,
detergent,coffee,pork,yogurt,soda,citrus fruit,hamburger meat,,,
whole milk,pork,pip fruit,,,,,,,
curd,domestic eggs,other vegetables,,,,,,,
napkins,brown bread,,,,,,,,
newspapers,,,,,,,,,
margarine,brown bread,detergent,,,,,,,
tropical fruit,frozen vegetables,soda,rolls/buns,shopping bags,,,,,
tropical fruit,detergent,pork,ice cream,yogurt,sausage,fruit/vegetable juice,coffee,,
coffee,other vegetables,hamburger meat,whipped/sour cream,curd,soda,pastry,pork,detergent,
whole milk,pastry,citrus fruit,shopping bags,brown bread,,,,,
soda,citrus fruit,coffee,yogurt,sausage,,,,,
napkins,frozen vegetables,other vegetables,curd,detergent,brown bread,shopping bags,,,
margarine,pork,soda,detergent,citrus fruit,frozen vegetables,cream cheese,butter,whipped/sour cream,
margarine,pastry,tropical fruit,pip fruit,,,,,,
brown bread,butter,detergent,chicken,curd,frozen vegetables,,,,
yogurt,root vegetables,detergent,napkins,domestic eggs,brown bread,,,,
fruit/vegetable juice,yogurt,rolls/buns,hamburger meat,napkins,,,,,
other vegetables,,,,,,,,,
hamburger meat,cream cheese,pip fruit,domestic eggs,whipped/sour cream,whole milk,soda,citrus fruit,sausage,
root vegetables,coffee,newspapers,shopping bags,pastry,tropical fruit,,,,
tropical fruit,,,,,,,,,
citrus fruit,margarine,napkins,pip fruit,frozen vegetables,fruit/vegetable juice,chicken,curd,pork,cream cheese
bottled water,brown bread,shopping bags,pip fruit,soda,other vegetables,rolls/buns,,,
napkins,tropical fruit,curd,yogurt,brown bread,,,,,
bottled water,napkins,other vegetables,whole milk,yogurt,root vegetables,curd,shopping bags,,
soda,domestic eggs,whipped/sour cream,pork,margarine,fruit/vegetable juice,citrus fruit,newspapers,yogurt,coffee
pip fruit,frozen vegetables,brown bread,napkins,curd,,,,,
whole milk,,,,,,,,,
sausage,other vegetables,whipped/sour cream,coffee,tropical fruit,detergent,,,,
pip fruit,ice cream,whole milk,pork,shopping bags,domestic eggs,,,,
newspapers,sausage,curd,pip fruit,whipped/sour cream,butter,,,,
soda,pastry,ice cream,margarine,whole milk,other vegetables,,,,
margarine,detergent,yogurt,domestic eggs,whipped/sour cream,butter,whole milk,cream cheese,citrus fruit,
soda,whole milk,chicken,root vegetables,,,,,,
soda,whole milk,frozen vegetables,domestic eggs,ice cream,detergent,napkins,cream cheese,,
margarine,whipped/sour cream,citrus fruit,cream cheese,domestic eggs,pip fruit,other vegetables,,,
rolls/buns,root vegetables,pork,napkins,butter,yogurt,fruit/vegetable juice,newspapers,whipped/sour cream,
frozen vegetables,,,,,,,,,
fruit/vegetable juice,soda,butter,brown bread,coffee,other vegetables,pastry,whipped/sour cream,,
newspapers,cream cheese,tropical fruit,hamburger meat,ice cream,rolls/buns,curd,,,
ice cream,bottled water,tropical fruit,margarine,whipped/sour cream,napkins,whole milk,,,
fruit/vegetable juice,bottled water,root vegetables,pip fruit,whipped/sour cream,curd,detergent,soda,pastry,sausage
citrus fruit,chicken,,,,,,,,
yogurt,pork,fruit/vegetable juice,cream cheese,,,,,,
shopping bags,yogurt,tropical fruit,pastry,whole milk,soda,chicken,ice cream,sausage,
domestic eggs,margarine,pip fruit,shopping bags,bottled water,pork,napkins,fruit/vegetable juice,pastry,
domestic eggs,whole milk,,,,,,,,
detergent,frozen vegetables,cream cheese,root vegetables,,,,,,
domestic eggs,sausage,,,,,,,,
shopping bags,napkins,brown bread,newspapers,citrus fruit,frozen vegetables,bottled water,fruit/vegetable juice,tropical fruit,ice cream
napkins,rolls/buns,soda,,,,,,,
ice cream,brown bread,other vegetables,curd,pip fruit,domestic eggs,sausage,detergent,pork,
curd,brown bread,butter,whole milk,ice cream,,,,,
whole milk,newspapers,pork,curd,butter,citrus fruit,domestic eggs,detergent,root vegetables,sausage
coffee,whipped/sour cream,sausage,hamburger meat,domestic eggs,,,,,
coffee,bottled water,whipped/sour cream,other vegetables,frozen vegetables,soda,rolls/buns,whole milk,fruit/vegetable juice,tropical fruit
sausage,detergent,chicken,cream cheese,fruit/vegetable juice,,,,,
napkins,,,,,,,,,
rolls/buns,brown bread,coffee,domestic eggs,napkins,tropical fruit,hamburger meat,pip fruit,,
chicken,,,,,,,,,
yogurt,shopping bags,frozen vegetables,coffee,tropical fruit,citrus fruit,whipped/sour cream,root vegetables,,
whole milk,,,,,,,,,
hamburger meat,whole milk,pastry,chicken,shopping bags,frozen vegetables,napkins,cream cheese,other vegetables,ice cream
pork,,,,,,,,,
sausage,rolls/buns,coffee,chicken,curd,soda,napkins,,,
napkins,bottled water,whipped/sour cream,root vegetables,hamburger meat,citrus fruit,,,,
shopping bags,rolls/buns,pastry,pork,fruit/vegetable juice,,,,,
hamburger meat,sausage,,,,,,,,
yogurt,margarine,sausage,whole milk,ice cream,coffee,newspapers,chicken,shopping bags,
ice cream,curd,yogurt,cream cheese,citrus fruit,pastry,root vegetables,shopping bags,,
rolls/buns,curd,root vegetables,,,,,,,
rolls/buns,whole milk,soda,pip fruit,sausage,domestic eggs,newspapers,,,
citrus fruit,bottled water,shopping bags,curd,pip fruit,chicken,cream cheese,rolls/buns,,
soda,,,,,,,,,
frozen vegetables,bottled water,shopping bags,napkins,curd,domestic eggs,yogurt,,,
detergent,tropical fruit,frozen vegetables,citrus fruit,whole milk,ice cream,,,,
chicken,pork,ice cream,,,,,,,
ice cream,,,,,,,,,
pip fruit,,,,,,,,,
citrus fruit,whipped/sour cream,coffee,tropical fruit,yogurt,margarine,,,,
other vegetables,,,,,,,,,
tropical fruit,margarine,,,,,,,,
margarine,,,,,,,,,
root vegetables,margarine,soda,fruit/vegetable juice,whipped/sour cream,coffee,,,,
shopping bags,cream cheese,yogurt,soda,bottled water,butter,curd,ice cream,,
pastry,,,,,,,,,
butter,chicken,tropical fruit,margarine,shopping bags,,,,,
domestic eggs,root vegetables,yogurt,whipped/sour cream,rolls/buns,,,,,
yogurt,cream cheese,other vegetables,frozen vegetables,whole milk,soda,tropical fruit,chicken,bottled water,
sausage,coffee,butter,pip fruit,,,,,,
detergent,newspapers,whole milk,shopping bags,soda,citrus fruit,brown bread,other vegetables,cream cheese,
yogurt,bottled water,other vegetables,tropical fruit,,,,,,
pork,butter,bottled water,cream cheese,,,,,,
ice cream,tropical fruit,pastry,,,,,,,
cream cheese,hamburger meat,domestic eggs,tropical fruit,bottled water,butter,coffee,napkins,soda,sausage
pastry,ice cream,butter,margarine,pork,,,,,
brown bread,shopping bags,bottled water,pastry,,,,,,
ice cream,,,,,,,,,
frozen vegetables,root vegetables,napkins,fruit/vegetable juice,,,,,,
rolls/buns,,,,,,,,,
domestic eggs,yogurt,brown bread,soda,hamburger meat,other vegetables,chicken,newspapers,root vegetables,pip fruit
fruit/vegetable juice,rolls/buns,detergent,butter,,,,,,
sausage,,,,,,,,,
curd,newspapers,hamburger meat,,,,,,,
fruit/vegetable juice,sausage,pork,,,,,,,
butter,brown bread,,,,,,,,
frozen vegetables,butter,whipped/sour cream,other vegetables,curd,hamburger meat,rolls/buns,margarine,domestic eggs,citrus fruit
root vegetables,,,,,,,,,
soda,frozen vegetables,curd,brown bread,whole milk,yogurt,detergent,,,
whole milk,butter,,,,,,,,
tropical fruit,frozen vegetables,margarine,whipped/sour cream,curd,citrus fruit,yogurt,pastry,chicken,butter
coffee,curd,hamburger meat,frozen vegetables,,,,,,
shopping bags,whipped/sour cream,root vegetables,pastry,domestic eggs,pip fruit,margarine,hamburger meat,chicken,other vegetables
ice cream,detergent,fruit/vegetable juice,pastry,shopping bags,yogurt,other vegetables,,,
frozen vegetables,tropical fruit,napkins,sausage,whipped/sour cream,coffee,pork,fruit/vegetable juice,butter,
pastry,brown bread,sausage,,,,,,,
pork,,,,,,,,,
hamburger meat,shopping bags,yogurt,rolls/buns,pork,,,,,
sausage,chicken,bottled water,whole milk,curd,,,,,
sausage,coffee,domestic eggs,fruit/vegetable juice,cream cheese,citrus fruit,whipped/sour cream,curd,tropical fruit,bottled water
coffee,cream cheese,pip fruit,pastry,,,,,,
ice cream,curd,citrus fruit,pastry,,,,,,
citrus fruit,margarine,bottled water,,,,,,,
fruit/vegetable juice,sausage,hamburger meat,other vegetables,domestic eggs,whole milk,soda,,,
butter,margarine,napkins,pork,shopping bags,brown bread,,,,
coffee,whipped/sour cream,pastry,detergent,,,,,,
frozen vegetables,ice cream,pork,pastry,shopping bags,domestic eggs,margarine,,,
sausage,pastry,curd,soda,ice cream,pip fruit,detergent,tropical fruit,frozen vegetables,other vegetables
tropical fruit,napkins,soda,cream cheese,fruit/vegetable juice,whole milk,pastry,ice cream,sausage,
fruit/vegetable juice,brown bread,pork,pastry,whipped/sour cream,soda,yogurt,sausage,cream cheese,
hamburger meat,root vegetables,coffee,newspapers,curd,,,,,
other vegetables,detergent,margarine,frozen vegetables,coffee,ice cream,curd,tropical fruit,cream cheese,domestic eggs
rolls/buns,tropical fruit,chicken,newspapers,pork,cream cheese,ice cream,,,
domestic eggs,chicken,bottled water,margarine,root vegetables,ice cream,pastry,sausage,brown bread,
whole milk,root vegetables,rolls/buns,,,,,,,
shopping bags,,,,,,,,,
ice cream,cream cheese,pastry,,,,,,,
sausage,bottled water,,,,,,,,
margarine,,,,,,,,,
citrus fruit,fruit/vegetable juice,sausage,root vegetables,margarine,newspapers,curd,,,
newspapers,whipped/sour cream,brown bread,rolls/buns,pork,,,,,
hamburger meat,pip fruit,fruit/vegetable juice,butter,soda,domestic eggs,bottled water,coffee,sausage,yogurt
whipped/sour cream,margarine,,,,,,,,
whipped/sour cream,newspapers,napkins,butter,brown bread,pork,coffee,pastry,,
detergent,hamburger meat,,,,,,,,
coffee,pip fruit,rolls/buns,yogurt,whole milk,detergent,,,,
fruit/vegetable juice,curd,cream cheese,detergent,citrus fruit,chicken,butter,brown bread,,
butter,yogurt,ice cream,sausage,shopping bags,tropical fruit,,,,
pastry,hamburger meat,butter,curd,other vegetables,brown bread,,,,
shopping bags,soda,margarine,other vegetables,rolls/buns,ice cream,domestic eggs,pork,whole milk,
sausage,soda,,,,,,,,
tropical fruit,napkins,butter,cream cheese,,,,,,
sausage,detergent,margarine,rolls/buns,cream cheese,pastry,,,,
bottled water,,,,,,,,,
yogurt,shopping bags,tropical fruit,napkins,,,,,,
yogurt,sausage,,,,,,,,
whole milk,whipped/sour cream,napkins,rolls/buns,,,,,,
shopping bags,tropical fruit,hamburger meat,whipped/sour cream,,,,,,
cream cheese,,,,,,,,,
domestic eggs,coffee,butter,root vegetables,,,,,,
root vegetables,rolls/buns,coffee,frozen vegetables,brown bread,pork,napkins,cream cheese,curd,hamburger meat
shopping bags,newspapers,margarine,pastry,hamburger meat,pip fruit,whipped/sour cream,,,
cream cheese,root vegetables,fruit/vegetable juice,pastry,hamburger meat,pip fruit,chicken,,,
tropical fruit,other vegetables,domestic eggs,pastry,whipped/sour cream,frozen vegetables,ice cream,chicken,brown bread,
napkins,other vegetables,,,,,,,,
domestic eggs,cream cheese,soda,other vegetables,detergent,shopping bags,sausage,pastry,pork,
citrus fruit,brown bread,yogurt,bottled water,pip fruit,coffee,butter,,,
butter,,,,,,,,,
curd,shopping bags,brown bread,margarine,detergent,root vegetables,coffee,sausage,,
whole milk,sausage,,,,,,,,
brown bread,cream cheese,shopping bags,domestic eggs,bottled water,sausage,other vegetables,butter,ice cream,detergent
domestic eggs,frozen vegetables,tropical fruit,napkins,ice cream,coffee,detergent,pip fruit,hamburger meat,citrus fruit
bottled water,pip fruit,sausage,root vegetables,chicken,domestic eggs,curd,,,
pastry,soda,hamburger meat,butter,whole milk,whipped/sour cream,,,,
frozen vegetables,other vegetables,napkins,detergent,pastry,yogurt,pork,tropical fruit,shopping bags,margarine
tropical fruit,root vegetables,hamburger meat,pastry,domestic eggs,ice cream,chicken,bottled water,brown bread,pip fruit
bottled water,,,,,,,,,
pastry,,,,,,,,,
cream cheese,pip fruit,fruit/vegetable juice,,,,,,,
yogurt,detergent,soda,chicken,margarine,frozen vegetables,,,,
pastry,,,,,,,,,
napkins,pastry,fruit/vegetable juice,,,,,,,
frozen vegetables,whole milk,tropical fruit,butter,domestic eggs,pip fruit,newspapers,shopping bags,pastry,hamburger meat
bottled water,curd,coffee,frozen vegetables,whipped/sour cream,detergent,soda,,,
sausage,napkins,margarine,bottled water,citrus fruit,brown bread,,,,
tropical fruit,pip fruit,domestic eggs,root vegetables,curd,citrus fruit,hamburger meat,sausage,newspapers,shopping bags
frozen vegetables,shopping bags,pip fruit,chicken,bottled water,yogurt,soda,butter,,
ice cream,brown bread,fruit/vegetable juice,rolls/buns,shopping bags,whipped/sour cream,hamburger meat,citrus fruit,,
other vegetables,butter,whipped/sour cream,frozen vegetables,pip fruit,pastry,tropical fruit,,,
shopping bags,other vegetables,ice cream,newspapers,soda,pork,hamburger meat,rolls/buns,margarine,chicken
yogurt,whipped/sour cream,hamburger meat,root vegetables,tropical fruit,napkins,pork,,,
whole milk,pastry,curd,whipped/sour cream,,,,,,
newspapers,soda,hamburger meat,fruit/vegetable juice,pip fruit,,,,,
chicken,bottled water,,,,,,,,
pastry,margarine,whole milk,domestic eggs,rolls/buns,,,,,
pork,hamburger meat,frozen vegetables,ice cream,pastry,,,,,
sausage,pastry,newspapers,frozen vegetables,other vegetables,,,,,
root vegetables,domestic eggs,soda,rolls/buns,brown bread,frozen vegetables,butter,detergent,newspapers,
cream cheese,margarine,rolls/buns,coffee,yogurt,,,,,
whipped/sour cream,brown bread,,,,,,,,
coffee,root vegetables,brown bread,soda,,,,,,
margarine,shopping bags,hamburger meat,soda,root vegetables,butter,napkins,detergent,,
yogurt,hamburger meat,curd,newspapers,,,,,,
pip fruit,whipped/sour cream,shopping bags,citrus fruit,detergent,pastry,cream cheese,,,
yogurt,citrus fruit,brown bread,detergent,shopping bags,frozen vegetables,napkins,pip fruit,chicken,bottled water
curd,whipped/sour cream,,,,,,,,
detergent,,,,,,,,,
butter,root vegetables,rolls/buns,coffee,shopping bags,soda,tropical fruit,pip fruit,yogurt,
shopping bags,,,,,,,,,
hamburger meat,coffee,shopping bags,cream cheese,soda,pork,whole milk,other vegetables,bottled water,frozen vegetables
bottled water,whole milk,pip fruit,coffee,,,,,,
frozen vegetables,other vegetables,shopping bags,pip fruit,citrus fruit,newspapers,pastry,,,
frozen vegetables,sausage,soda,brown bread,fruit/vegetable juice,coffee,domestic eggs,,,
chicken,margarine,whole milk,pork,frozen vegetables,tropical fruit,,,,
pip fruit,other vegetables,margarine,ice cream,root vegetables,domestic eggs,bottled water,shopping bags,sausage,
cream cheese,pork,ice cream,root vegetables,domestic eggs,pip fruit,newspapers,whole milk,brown bread,whipped/sour cream
pork,hamburger meat,whipped/sour cream,citrus fruit,coffee,brown bread,yogurt,,,
citrus fruit,yogurt,brown bread,pastry,tropical fruit,bottled water,soda,rolls/buns,,
newspapers,brown bread,whole milk,citrus fruit,domestic eggs,ice cream,,,,
margarine,napkins,detergent,fruit/vegetable juice,domestic eggs,other vegetables,newspapers,pastry,soda,
detergent,shopping bags,curd,,,,,,,
brown bread,coffee,curd,root vegetables,rolls/buns,,,,,
hamburger meat,chicken,coffee,domestic eggs,root vegetables,citrus fruit,,,,
detergent,yogurt,tropical fruit,pork,soda,whipped/sour cream,citrus fruit,domestic eggs,,
pastry,ice cream,margarine,whole milk,hamburger meat,,,,,
newspapers,bottled water,rolls/buns,,,,,,,
hamburger meat,,,,,,,,,
fruit/vegetable juice,hamburger meat,margarine,brown bread,rolls/buns,shopping bags,,,,
pastry,fruit/vegetable juice,soda,citrus fruit,other vegetables,detergent,chicken,frozen vegetables,domestic eggs,tropical fruit
butter,curd,whipped/sour cream,tropical fruit,root vegetables,pork,bottled water,rolls/buns,detergent,pastry
tropical fruit,frozen vegetables,other vegetables,butter,fruit/vegetable juice,curd,,,,
butter,bottled water,rolls/buns,ice cream,other vegetables,,,,,
shopping bags,bottled water,citrus fruit,pip fruit,whole milk,,,,,
butter,,,,,,,,,
frozen vegetables,newspapers,napkins,pip fruit,cream cheese,pastry,other vegetables,,,
napkins,bottled water,ice cream,fruit/vegetable juice,margarine,frozen vegetables,,,,
whole milk,root vegetables,,,,,,,,
shopping bags,yogurt,coffee,sausage,cream cheese,,,,,
newspapers,whole milk,,,,,,,,
whole milk,coffee,frozen vegetables,pip fruit,fruit/vegetable juice,detergent,,,,
butter,root vegetables,other vegetables,detergent,,,,,,
pip fruit,other vegetables,margarine,bottled water,,,,,,
hamburger meat,whipped/sour cream,ice cream,whole milk,yogurt,pip fruit,citrus fruit,root vegetables,pork,bottled water
hamburger meat,chicken,ice cream,,,,,,,
fruit/vegetable juice,brown bread,curd,hamburger meat,pork,,,,,
soda,detergent,,,,,,,,
chicken,pastry,,,,,,,,
hamburger meat,cream cheese,,,,,,,,
tropical fruit,yogurt,,,,,,,,
pip fruit,soda,,,,,,,,
pastry,root vegetables,cream cheese,bottled water,,,,,,
soda,whipped/sour cream,rolls/buns,domestic eggs,tropical fruit,frozen vegetables,margarine,brown bread,newspapers,butter
root vegetables,,,,,,,,,
newspapers,butter,cream cheese,soda,coffee,sausage,,,,
whipped/sour cream,fruit/vegetable juice,sausage,napkins,detergent,margarine,cream cheese,root vegetables,,
rolls/buns,hamburger meat,domestic eggs,citrus fruit,curd,shopping bags,fruit/vegetable juice,napkins,bottled water,tropical fruit
pip fruit,butter,margarine,brown bread,curd,,,,,
chicken,cream cheese,other vegetables,whipped/sour cream,fruit/vegetable juice,frozen vegetables,,,,
pip fruit,frozen vegetables,bottled water,curd,,,,,,
fruit/vegetable juice,frozen vegetables,bottled water,chicken,sausage,pip fruit,cream cheese,margarine,,
fruit/vegetable juice,,,,,,,,,
soda,bottled water,,,,,,,,
newspapers,ice cream,bottled water,margarine,soda,,,,,
fruit/vegetable juice,rolls/buns,newspapers,napkins,root vegetables,soda,chicken,,,
whole milk,,,,,,,,,
margarine,napkins,fruit/vegetable juice,domestic eggs,rolls/buns,tropical fruit,whole milk,detergent,pork,
detergent,shopping bags,citrus fruit,tropical fruit,whipped/sour cream,cream cheese,,,,
detergent,hamburger meat,soda,brown bread,ice cream,tropical fruit,whole milk,pastry,margarine,
coffee,cream cheese,brown bread,napkins,yogurt,ice cream,,,,
ice cream,,,,,,,,,
hamburger meat,other vegetables,margarine,bottled water,,,,,,
hamburger meat,coffee,domestic eggs,curd,whole milk,pip fruit,pork,detergent,shopping bags,
cream cheese,whole milk,detergent,newspapers,other vegetables,curd,whipped/sour cream,pork,,
butter,whole milk,rolls/buns,ice cream,fruit/vegetable juice,domestic eggs,,,,
pip fruit,pastry,,,,,,,,
citrus fruit,whipped/sour cream,tropical fruit,other vegetables,coffee,,,,,
other vegetables,cream cheese,brown bread,sausage,pastry,root vegetables,,,,
fruit/vegetable juice,root vegetables,shopping bags,chicken,margarine,soda,tropical fruit,citrus fruit,brown bread,yogurt
pastry,soda,whipped/sour cream,citrus fruit,other vegetables,butter,tropical fruit,whole milk,,
frozen vegetables,ice cream,yogurt,whipped/sour cream,soda,,,,,
newspapers,coffee,pastry,frozen vegetables,fruit/vegetable juice,other vegetables,whole milk,curd,chicken,
pork,bottled water,cream cheese,,,,,,,
cream cheese,detergent,tropical fruit,curd,,,,,,
coffee,butter,citrus fruit,hamburger meat,whipped/sour cream,cream cheese,,,,
pork,shopping bags,sausage,cream cheese,,,,,,
coffee,,,,,,,,,
pastry,napkins,tropical fruit,fruit/vegetable juice,domestic eggs,chicken,other vegetables,root vegetables,newspapers,sausage
ice cream,,,,,,,,,
pork,ice cream,fruit/vegetable juice,,,,,,,
other vegetables,ice cream,brown bread,cream cheese,shopping bags,newspapers,coffee,sausage,,
rolls/buns,napkins,other vegetables,soda,brown bread,,,,,
newspapers,pip fruit,curd,fruit/vegetable juice,ice cream,brown bread,hamburger meat,margarine,other vegetables,
cream cheese,whole milk,newspapers,soda,curd,brown bread,rolls/buns,detergent,margarine,yogurt
soda,bottled water,cream cheese,,,,,,,
chicken,soda,ice cream,whole milk,other vegetables,tropical fruit,cream cheese,margarine,coffee,
coffee,other vegetables,detergent,butter,cream cheese,newspapers,rolls/buns,fruit/vegetable juice,,
frozen vegetables,citrus fruit,curd,yogurt,,,,,,
root vegetables,brown bread,butter,pastry,cream cheese,,,,,
newspapers,cream cheese,detergent,citrus fruit,pastry,root vegetables,soda,tropical fruit,other vegetables,
root vegetables,,,,,,,,,
butter,pork,yogurt,chicken,curd,fruit/vegetable juice,soda,cream cheese,shopping bags,
sausage,margarine,butter,,,,,,,
pastry,shopping bags,curd,margarine,domestic eggs,brown bread,bottled water,,,
napkins,,,,,,,,,
root vegetables,sausage,pastry,other vegetables,shopping bags,,,,,
newspapers,detergent,butter,pip fruit,napkins,whipped/sour cream,domestic eggs,curd,root vegetables,fruit/vegetable juice
yogurt,napkins,brown bread,butter,hamburger meat,,,,,
napkins,frozen vegetables,curd,,,,,,,
butter,whole milk,pork,ice cream,hamburger meat,pastry,tropical fruit,yogurt,citrus fruit,coffee
fruit/vegetable juice,cream cheese,,,,,,,,
newspapers,domestic eggs,hamburger meat,margarine,soda,,,,,
tropical fruit,cream cheese,pastry,whole milk,pork,sausage,margarine,domestic eggs,,
bottled water,,,,,,,,,
ice cream,bottled water,hamburger meat,soda,sausage,curd,,,,
frozen vegetables,tropical fruit,other vegetables,pastry,pip fruit,fruit/vegetable juice,chicken,domestic eggs,bottled water,
margarine,whole milk,butter,pip fruit,coffee,frozen vegetables,pastry,brown bread,newspapers,
root vegetables,,,,,,,,,
detergent,,,,,,,,,
sausage,curd,cream cheese,yogurt,fruit/vegetable juice,,,,,
bottled water,newspapers,detergent,citrus fruit,other vegetables,tropical fruit,sausage,,,
coffee,root vegetables,yogurt,margarine,other vegetables,newspapers,sausage,frozen vegetables,tropical fruit,
frozen vegetables,hamburger meat,,,,,,,,
citrus fruit,root vegetables,newspapers,pastry,,,,,,
citrus fruit,sausage,,,,,,,,
sausage,rolls/buns,ice cream,,,,,,,
napkins,pork,whole milk,other vegetables,,,,,,
pork,sausage,domestic eggs,yogurt,detergent,rolls/buns,tropical fruit,,,
bottled water,newspapers,sausage,coffee,cream cheese,butter,,,,
napkins,domestic eggs,citrus fruit,,,,,,,
chicken,domestic eggs,other vegetables,newspapers,cream cheese,butter,root vegetables,yogurt,coffee,sausage
rolls/buns,domestic eggs,margarine,detergent,yogurt,napkins,hamburger meat,,,
ice cream,pastry,hamburger meat,,,,,,,
detergent,,,,,,,,,
butter,whole milk,pip fruit,fruit/vegetable juice,margarine,shopping bags,pork,yogurt,bottled water,tropical fruit
sausage,frozen vegetables,chicken,bottled water,pip fruit,root vegetables,cream cheese,brown bread,napkins,pastry
detergent,,,,,,,,,
frozen vegetables,pastry,shopping bags,,,,,,,
tropical fruit,newspapers,detergent,yogurt,domestic eggs,other vegetables,whipped/sour cream,sausage,,
hamburger meat,,,,,,,,,
napkins,pip fruit,yogurt,butter,frozen vegetables,,,,,
domestic eggs,margarine,,,,,,,,
root vegetables,ice cream,chicken,pastry,detergent,brown bread,curd,hamburger meat,,
shopping bags,chicken,brown bread,,,,,,,
frozen vegetables,shopping bags,,,,,,,,
fruit/vegetable juice,coffee,bottled water,whole milk,root vegetables,newspapers,,,,
frozen vegetables,,,,,,,,,
pip fruit,pastry,whole milk,brown bread,chicken,,,,,
whipped/sour cream,whole milk,napkins,fruit/vegetable juice,citrus fruit,rolls/buns,shopping bags,cream cheese,,
domestic eggs,butter,pip fruit,,,,,,,
hamburger meat,coffee,,,,,,,,
pork,domestic eggs,curd,napkins,pip fruit,cream cheese,tropical fruit,whole milk,,
pork,napkins,hamburger meat,newspapers,ice cream,,,,,
brown bread,ice cream,frozen vegetables,newspapers,bottled water,cream cheese,soda,sausage,pastry,tropical fruit
hamburger meat,,,,,,,,,
root vegetables,chicken,hamburger meat,,,,,,,
pork,cream cheese,yogurt,citrus fruit,hamburger meat,brown bread,bottled water,,,
curd,yogurt,citrus fruit,fruit/vegetable juice,,,,,,
tropical fruit,sausage,brown bread,,,,,,,
citrus fruit,newspapers,domestic eggs,coffee,soda,frozen vegetables,pork,,,
brown bread,pork,,,,,,,,
hamburger meat,chicken,pork,shopping bags,curd,fruit/vegetable juice,margarine,domestic eggs,,
whipped/sour cream,root vegetables,,,,,,,,
margarine,,,,,,,,,
domestic eggs,pork,root vegetables,shopping bags,pip fruit,napkins,chicken,whole milk,,
whipped/sour cream,shopping bags,detergent,citrus fruit,bottled water,,,,,
brown bread,domestic eggs,soda,,,,,,,
butter,,,,,,,,,
tropical fruit,cream cheese,whole milk,root vegetables,citrus fruit,rolls/buns,newspapers,sausage,frozen vegetables,
margarine,shopping bags,sausage,fruit/vegetable juice,root vegetables,,,,,
rolls/buns,citrus fruit,frozen vegetables,coffee,newspapers,fruit/vegetable juice,,,,
hamburger meat,curd,frozen vegetables,pork,citrus fruit,brown bread,napkins,,,
newspapers,coffee,ice cream,soda,pip fruit,domestic eggs,pork,other vegetables,brown bread,
ice cream,,,,,,,,,
citrus fruit,,,,,,,,,
coffee,other vegetables,soda,pip fruit,rolls/buns,,,,,
pastry,ice cream,root vegetables,,,,,,,
rolls/buns,detergent,tropical fruit,curd,other vegetables,yogurt,butter,,,
rolls/buns,pork,coffee,citrus fruit,domestic eggs,,,,,
cream cheese,citrus fruit,whipped/sour cream,curd,frozen vegetables,,,,,
napkins,domestic eggs,other vegetables,hamburger meat,,,,,,
domestic eggs,ice cream,hamburger meat,brown bread,shopping bags,whipped/sour cream,detergent,pork,butter,margarine
coffee,brown bread,yogurt,,,,,,,
frozen vegetables,tropical fruit,,,,,,,,
root vegetables,soda,cream cheese,pastry,,,,,,
ice cream,brown bread,citrus fruit,other vegetables,margarine,cream cheese,rolls/buns,detergent,root vegetables,
newspapers,root vegetables,whipped/sour cream,,,,,,,
soda,curd,other vegetables,chicken,napkins,newspapers,,,,
ice cream,hamburger meat,soda,pork,margarine,,,,,
hamburger meat,sausage,pip fruit,newspapers,domestic eggs,frozen vegetables,soda,bottled water,citrus fruit,coffee
coffee,hamburger meat,butter,detergent,curd,whipped/sour cream,pip fruit,rolls/buns,citrus fruit,
pip fruit,tropical fruit,butter,yogurt,pastry,,,,,
domestic eggs,yogurt,citrus fruit,shopping bags,pork,,,,,
cream cheese,domestic eggs,tropical fruit,detergent,ice cream,other vegetables,frozen vegetables,shopping bags,whipped/sour cream,sausage
fruit/vegetable juice,cream cheese,tropical fruit,detergent,shopping bags,pip fruit,pastry,soda,margarine,brown bread
sausage,frozen vegetables,,,,,,,,
yogurt,,,,,,,,,
root vegetables,,,,,,,,,
citrus fruit,brown bread,bottled water,domestic eggs,pastry,root vegetables,whole milk,shopping bags,fruit/vegetable juice,soda
margarine,other vegetables,butter,cream cheese,detergent,yogurt,rolls/buns,frozen vegetables,ice cream,
bottled water,chicken,coffee,frozen vegetables,,,,,,
coffee,other vegetables,frozen vegetables,root vegetables,chicken,pip fruit,citrus fruit,pastry,,
ice cream,napkins,domestic eggs,margarine,whole milk,root vegetables,frozen vegetables,rolls/buns,pork,
whole milk,margarine,other vegetables,sausage,root vegetables,detergent,,,,
fruit/vegetable juice,butter,domestic eggs,root vegetables,shopping bags,napkins,tropical fruit,citrus fruit,pip fruit,
rolls/buns,curd,,,,,,,,
pastry,napkins,cream cheese,sausage,shopping bags,detergent,,,,
domestic eggs,citrus fruit,,,,,,,,
frozen vegetables,hamburger meat,,,,,,,,
yogurt,napkins,cream cheese,newspapers,root vegetables,pastry,,,,
whole milk,whipped/sour cream,other vegetables,sausage,coffee,margarine,tropical fruit,citrus fruit,napkins,
whole milk,coffee,brown bread,napkins,ice cream,,,,,
yogurt,margarine,rolls/buns,curd,butter,pip fruit,root vegetables,,,
pip fruit,coffee,,,,,,,,
pip fruit,domestic eggs,hamburger meat,citrus fruit,pastry,,,,,
other vegetables,root vegetables,whipped/sour cream,margarine,ice cream,frozen vegetables,shopping bags,,,
shopping bags,napkins,newspapers,whipped/sour cream,curd,,,,,
yogurt,soda,cream cheese,chicken,butter,,,,,
rolls/buns,detergent,tropical fruit,chicken,cream cheese,soda,citrus fruit,domestic eggs,pastry,
shopping bags,other vegetables,hamburger meat,newspapers,whipped/sour cream,curd,,,,
margarine,ice cream,cream cheese,napkins,bottled water,domestic eggs,fruit/vegetable juice,brown bread,rolls/buns,
chicken,citrus fruit,sausage,tropical fruit,yogurt,cream cheese,butter,domestic eggs,newspapers,pip fruit
bottled water,,,,,,,,,
margarine,domestic eggs,newspapers,other vegetables,bottled water,soda,root vegetables,pip fruit,,
whipped/sour cream,,,,,,,,,
fruit/vegetable juice,margarine,root vegetables,hamburger meat,pip fruit,domestic eggs,rolls/buns,cream cheese,pork,
cream cheese,coffee,frozen vegetables,fruit/vegetable juice,margarine,sausage,ice cream,rolls/buns,other vegetables,
domestic eggs,root vegetables,,,,,,,,
pork,sausage,yogurt,chicken,bottled water,,,,,
coffee,bottled water,curd,domestic eggs,soda,rolls/buns,chicken,fruit/vegetable juice,,
domestic eggs,napkins,soda,pip fruit,fruit/vegetable juice,,,,,
detergent,hamburger meat,margarine,cream cheese,sausage,newspapers,bottled water,brown bread,pastry,
curd,frozen vegetables,brown bread,napkins,cream cheese,pastry,coffee,,,
domestic eggs,hamburger meat,brown bread,cream cheese,pip fruit,,,,,
curd,rolls/buns,cream cheese,bottled water,,,,,,
whipped/sour cream,other vegetables,hamburger meat,brown bread,pip fruit,yogurt,bottled water,domestic eggs,margarine,
ice cream,yogurt,,,,,,,,
domestic eggs,yogurt,whipped/sour cream,cream cheese,margarine,other vegetables,butter,,,
whole milk,ice cream,hamburger meat,shopping bags,pork,margarine,,,,
curd,,,,,,,,,
domestic eggs,citrus fruit,root vegetables,ice cream,,,,,,
sausage,tropical fruit,pork,domestic eggs,pip fruit,yogurt,root vegetables,coffee,,
citrus fruit,,,,,,,,,
sausage,,,,,,,,,
coffee,whipped/sour cream,shopping bags,domestic eggs,,,,,,
fruit/vegetable juice,curd,yogurt,napkins,frozen vegetables,,,,,
rolls/buns,tropical fruit,pip fruit,root vegetables,whole milk,sausage,ice cream,,,
chicken,,,,,,,,,
yogurt,pork,whipped/sour cream,soda,curd,frozen vegetables,butter,,,
frozen vegetables,,,,,,,,,
frozen vegetables,chicken,sausage,napkins,shopping bags,pip fruit,newspapers,,,
other vegetables,detergent,shopping bags,domestic eggs,soda,ice cream,root vegetables,rolls/buns,brown bread,
other vegetables,,,,,,,,,
detergent,tropical fruit,,,,,,,,
hamburger meat,,,,,,,,,
pip fruit,curd,fruit/vegetable juice,brown bread,newspapers,hamburger meat,sausage,soda,,
tropical fruit,shopping bags,,,,,,,,
soda,brown bread,pastry,ice cream,coffee,citrus fruit,,,,
soda,hamburger meat,root vegetables,,,,,,,
fruit/vegetable juice,shopping bags,coffee,tropical fruit,pork,margarine,domestic eggs,whole milk,sausage,
domestic eggs,pip fruit,butter,hamburger meat,chicken,tropical fruit,brown bread,,,
margarine,yogurt,tropical fruit,curd,frozen vegetables,detergent,rolls/buns,ice cream,butter,napkins
soda,ice cream,pip fruit,whole milk,detergent,domestic eggs,yogurt,margarine,,
yogurt,pip fruit,newspapers,ice cream,butter,pastry,other vegetables,shopping bags,,
citrus fruit,ice cream,brown bread,yogurt,butter,,,,,
pip fruit,rolls/buns,tropical fruit,cream cheese,bottled water,sausage,,,,
pip fruit,brown bread,other vegetables,,,,,,,
coffee,shopping bags,domestic eggs,sausage,,,,,,
whole milk,rolls/buns,citrus fruit,whipped/sour cream,tropical fruit,pork,butter,curd,,
curd,newspapers,,,,,,,,
pastry,curd,chicken,frozen vegetables,napkins,pip fruit,other vegetables,tropical fruit,brown bread,
brown bread,bottled water,cream cheese,coffee,ice cream,domestic eggs,newspapers,whole milk,,
brown bread,hamburger meat,detergent,curd,pork,margarine,sausage,domestic eggs,pastry,ice cream
soda,,,,,,,,,
bottled water,pork,other vegetables,coffee,chicken,hamburger meat,sausage,whole milk,,
rolls/buns,,,,,,,,,
root vegetables,coffee,,,,,,,,
ice cream,,,,,,,,,
domestic eggs,,,,,,,,,
hamburger meat,bottled water,whole milk,rolls/buns,,,,,,
coffee,hamburger meat,root vegetables,rolls/buns,,,,,,
napkins,brown bread,shopping bags,rolls/buns,fruit/vegetable juice,bottled water,,,,
curd,margarine,rolls/buns,butter,yogurt,,,,,
margarine,coffee,other vegetables,frozen vegetables,pip fruit,shopping bags,rolls/buns,,,
sausage,bottled water,whipped/sour cream,pork,fruit/vegetable juice,,,,,
coffee,rolls/buns,pastry,other vegetables,yogurt,butter,pip fruit,,,
curd,sausage,other vegetables,,,,,,,
cream cheese,hamburger meat,coffee,curd,soda,,,,,
ice cream,shopping bags,soda,detergent,hamburger meat,coffee,citrus fruit,pastry,margarine,frozen vegetables
detergent,whipped/sour cream,butter,brown bread,margarine,yogurt,domestic eggs,hamburger meat,root vegetables,
yogurt,bottled water,butter,other vegetables,hamburger meat,shopping bags,pork,detergent,,
frozen vegetables,brown bread,napkins,whole milk,cream cheese,,,,,
pip fruit,,,,,,,,,
whole milk,whipped/sour cream,margarine,coffee,fruit/vegetable juice,brown bread,yogurt,other vegetables,,
root vegetables,pastry,cream cheese,yogurt,detergent,whipped/sour cream,brown bread,hamburger meat,,
domestic eggs,margarine,brown bread,cream cheese,citrus fruit,,,,,
chicken,margarine,pastry,napkins,detergent,,,,,
brown bread,shopping bags,whole milk,curd,napkins,newspapers,hamburger meat,citrus fruit,ice cream,pip fruit
brown bread,newspapers,curd,sausage,hamburger meat,butter,frozen vegetables,whole milk,,
domestic eggs,bottled water,newspapers,napkins,,,,,,
root vegetables,,,,,,,,,
pip fruit,brown bread,root vegetables,frozen vegetables,chicken,soda,butter,sausage,,
pip fruit,,,,,,,,,
bottled water,coffee,newspapers,yogurt,pork,tropical fruit,chicken,pastry,margarine,sausage
curd,napkins,,,,,,,,
margarine,fruit/vegetable juice,whipped/sour cream,,,,,,,
tropical fruit,pip fruit,,,,,,,,
detergent,yogurt,coffee,frozen vegetables,chicken,sausage,shopping bags,,,
other vegetables,domestic eggs,,,,,,,,
shopping bags,cream cheese,,,,,,,,
coffee,butter,pastry,sausage,other vegetables,pork,rolls/buns,whipped/sour cream,napkins,soda
butter,margarine,whipped/sour cream,,,,,,,
butter,tropical fruit,,,,,,,,
hamburger meat,yogurt,rolls/buns,,,,,,,
newspapers,hamburger meat,root vegetables,detergent,,,,,,
tropical fruit,,,,,,,,,
citrus fruit,,,,,,,,,
citrus fruit,other vegetables,soda,sausage,coffee,ice cream,margarine,brown bread,napkins,
citrus fruit,shopping bags,sausage,domestic eggs,rolls/buns,detergent,curd,,,
citrus fruit,coffee,pastry,tropical fruit,domestic eggs,yogurt,other vegetables,,,
citrus fruit,pip fruit,domestic eggs,pastry,chicken,butter,pork,bottled water,,
yogurt,whole milk,,,,,,,,
tropical fruit,margarine,pip fruit,whole milk,pork,ice cream,cream cheese,pastry,root vegetables,
coffee,chicken,,,,,,,,
detergent,chicken,citrus fruit,newspapers,brown bread,yogurt,bottled water,,,
root vegetables,hamburger meat,shopping bags,other vegetables,brown bread,coffee,napkins,,,
detergent,root vegetables,chicken,,,,,,,
pip fruit,napkins,bottled water,pastry,fruit/vegetable juice,butter,detergent,,,
curd,pork,sausage,newspapers,whole milk,,,,,
sausage,margarine,,,,,,,,
cream cheese,other vegetables,frozen vegetables,sausage,margarine,newspapers,soda,butter,napkins,yogurt
coffee,domestic eggs,detergent,whipped/sour cream,whole milk,napkins,pastry,,,
detergent,citrus fruit,coffee,shopping bags,fruit/vegetable juice,,,,,
cream cheese,tropical fruit,rolls/buns,ice cream,brown bread,sausage,butter,pastry,hamburger meat,napkins
soda,butter,pip fruit,,,,,,,
rolls/buns,margarine,,,,,,,,
sausage,whole milk,ice cream,citrus fruit,,,,,,
bottled water,other vegetables,rolls/buns,napkins,,,,,,
bottled water,tropical fruit,chicken,margarine,napkins,hamburger meat,,,,
margarine,,,,,,,,,
butter,detergent,rolls/buns,pip fruit,napkins,hamburger meat,tropical fruit,other vegetables,cream cheese,
hamburger meat,citrus fruit,rolls/buns,cream cheese,napkins,curd,yogurt,pastry,,
citrus fruit,other vegetables,whipped/sour cream,napkins,brown bread,chicken,whole milk,rolls/buns,,
chicken,sausage,cream cheese,detergent,whipped/sour cream,,,,,
hamburger meat,pip fruit,whole milk,sausage,brown bread,butter,root vegetables,curd,,
tropical fruit,,,,,,,,,
butter,cream cheese,napkins,,,,,,,
fruit/vegetable juice,butter,,,,,,,,
other vegetables,hamburger meat,bottled water,sausage,rolls/buns,,,,,
pip fruit,,,,,,,,,
fruit/vegetable juice,margarine,ice cream,curd,chicken,brown bread,yogurt,,,
other vegetables,butter,coffee,,,,,,,
cream cheese,domestic eggs,chicken,,,,,,,
frozen vegetables,,,,,,,,,
chicken,shopping bags,curd,bottled water,napkins,fruit/vegetable juice,hamburger meat,pip fruit,domestic eggs,
whipped/sour cream,citrus fruit,,,,,,,,
ice cream,bottled water,brown bread,domestic eggs,detergent,soda,whole milk,pork,,
newspapers,cream cheese,margarine,tropical fruit,curd,bottled water,pastry,butter,pork,
root vegetables,,,,,,,,,
yogurt,pork,pip fruit,bottled water,ice cream,,,,,
soda,,,,,,,,,
margarine,citrus fruit,soda,other vegetables,shopping bags,hamburger meat,pork,pip fruit,,
domestic eggs,other vegetables,frozen vegetables,,,,,,,
tropical fruit,,,,,,,,,
bottled water,newspapers,domestic eggs,yogurt,citrus fruit,hamburger meat,pip fruit,ice cream,,
soda,whole milk,coffee,hamburger meat,frozen vegetables,bottled water,pork,brown bread,butter,
soda,pork,frozen vegetables,bottled water,napkins,ice cream,,,,
pork,frozen vegetables,soda,tropical fruit,citrus fruit,,,,,
shopping bags,bottled water,sausage,frozen vegetables,newspapers,root vegetables,domestic eggs,brown bread,,
domestic eggs,,,,,,,,,
chicken,,,,,,,,,
citrus fruit,detergent,pastry,,,,,,,
chicken,rolls/buns,,,,,,,,
soda,brown bread,newspapers,margarine,domestic eggs,bottled water,shopping bags,,,
root vegetables,shopping bags,whipped/sour cream,rolls/buns,butter,sausage,curd,detergent,,
sausage,ice cream,curd,margarine,domestic eggs,pork,whole milk,cream cheese,,
ice cream,whipped/sour cream,curd,sausage,newspapers,coffee,napkins,citrus fruit,shopping bags,root vegetables
detergent,butter,margarine,whole milk,bottled water,rolls/buns,coffee,,,
root vegetables,,,,,,,,,
bottled water,,,,,,,,,
rolls/buns,cream cheese,detergent,napkins,citrus fruit,pip fruit,shopping bags,,,
brown bread,,,,,,,,,
bottled water,coffee,,,,,,,,
soda,rolls/buns,curd,detergent,margarine,whole milk,coffee,ice cream,pastry,cream cheese
pastry,margarine,coffee,bottled water,tropical fruit,brown bread,,,,
root vegetables,coffee,pip fruit,domestic eggs,whole milk,rolls/buns,shopping bags,,,
citrus fruit,brown bread,other vegetables,napkins,shopping bags,tropical fruit,,,,
shopping bags,pip fruit,sausage,,,,,,,
yogurt,hamburger meat,sausage,cream cheese,coffee,,,,,
soda,whipped/sour cream,brown bread,cream cheese,other vegetables,butter,bottled water,domestic eggs,,
root vegetables,hamburger meat,sausage,,,,,,,
napkins,margarine,frozen vegetables,bottled water,brown bread,,,,,
yogurt,whipped/sour cream,citrus fruit,sausage,brown bread,soda,tropical fruit,domestic eggs,napkins,
shopping bags,napkins,pip fruit,newspapers,chicken,whipped/sour cream,curd,ice cream,,
ice cream,hamburger meat,detergent,margarine,domestic eggs,pastry,pork,napkins,sausage,chicken
napkins,pastry,frozen vegetables,,,,,,,
soda,,,,,,,,,
sausage,coffee,napkins,pork,hamburger meat,,,,,
fruit/vegetable juice,sausage,,,,,,,,
yogurt,domestic eggs,citrus fruit,frozen vegetables,whipped/sour cream,hamburger meat,coffee,ice cream,,
domestic eggs,,,,,,,,,
shopping bags,tropical fruit,yogurt,fruit/vegetable juice,chicken,pork,soda,hamburger meat,,
fruit/vegetable juice,,,,,,,,,
whole milk,whipped/sour cream,detergent,other vegetables,cream cheese,ice cream,fruit/vegetable juice,napkins,,
whole milk,domestic eggs,butter,ice cream,margarine,,,,,
detergent,,,,,,,,,
yogurt,brown bread,butter,,,,,,,
shopping bags,pork,pastry,yogurt,whole milk,margarine,detergent,napkins,,
coffee,root vegetables,brown bread,whipped/sour cream,hamburger meat,sausage,,,,
whole milk,curd,brown bread,coffee,pip fruit,soda,fruit/vegetable juice,pork,cream cheese,napkins
cream cheese,curd,pastry,tropical fruit,bottled water,brown bread,,,,
tropical fruit,shopping bags,yogurt,whipped/sour cream,,,,,,
sausage,whipped/sour cream,chicken,fruit/vegetable juice,curd,,,,,
other vegetables,whipped/sour cream,whole milk,soda,napkins,cream cheese,domestic eggs,citrus fruit,margarine,
domestic eggs,napkins,newspapers,frozen vegetables,fruit/vegetable juice,coffee,,,,
rolls/buns,pork,ice cream,chicken,,,,,,
margarine,other vegetables,citrus fruit,domestic eggs,fruit/vegetable juice,sausage,cream cheese,tropical fruit,bottled water,
detergent,rolls/buns,butter,coffee,shopping bags,chicken,,,,
root vegetables,other vegetables,pork,curd,domestic eggs,yogurt,newspapers,bottled water,,
pork,root vegetables,curd,hamburger meat,bottled water,other vegetables,fruit/vegetable juice,cream cheese,pip fruit,margarine
coffee,whipped/sour cream,chicken,napkins,other vegetables,shopping bags,root vegetables,ice cream,cream cheese,
whipped/sour cream,whole milk,detergent,tropical fruit,,,,,,
bottled water,other vegetables,,,,,,,,
domestic eggs,soda,yogurt,butter,other vegetables,,,,,
whipped/sour cream,other vegetables,hamburger meat,butter,ice cream,,,,,
whipped/sour cream,yogurt,brown bread,pastry,domestic eggs,napkins,fruit/vegetable juice,whole milk,hamburger meat,sausage
coffee,yogurt,shopping bags,,,,,,,
tropical fruit,root vegetables,whipped/sour cream,ice cream,chicken,shopping bags,brown bread,other vegetables,hamburger meat,citrus fruit
margarine,ice cream,,,,,,,,
butter,sausage,bottled water,coffee,margarine,,,,,
sausage,whole milk,fruit/vegetable juice,whipped/sour cream,chicken,butter,,,,
frozen vegetables,curd,soda,newspapers,domestic eggs,whole milk,chicken,pip fruit,detergent,coffee
brown bread,butter,rolls/buns,whipped/sour cream,yogurt,napkins,chicken,,,
cream cheese,citrus fruit,newspapers,,,,,,,
margarine,brown bread,whipped/sour cream,cream cheese,whole milk,pip fruit,,,,
sausage,citrus fruit,,,,,,,,
tropical fruit,rolls/buns,,,,,,,,
newspapers,hamburger meat,napkins,whipped/sour cream,,,,,,
whole milk,citrus fruit,newspapers,rolls/buns,ice cream,cream cheese,tropical fruit,bottled water,brown bread,detergent
sausage,detergent,root vegetables,newspapers,brown bread,hamburger meat,domestic eggs,,,
domestic eggs,yogurt,whole milk,butter,citrus fruit,brown bread,shopping bags,cream cheese,,
detergent,newspapers,soda,tropical fruit,,,,,,
whole milk,detergent,brown bread,sausage,fruit/vegetable juice,butter,frozen vegetables,newspapers,chicken,
pip fruit,sausage,brown bread,pork,yogurt,margarine,bottled water,detergent,ice cream,domestic eggs
ice cream,rolls/buns,pork,root vegetables,hamburger meat,soda,other vegetables,,,
pip fruit,bottled water,tropical fruit,pork,margarine,pastry,brown bread,butter,newspapers,curd
coffee,citrus fruit,brown bread,ice cream,butter,napkins,,,,
rolls/buns,,,,,,,,,
napkins,brown bread,bottled water,sausage,,,,,,
chicken,fruit/vegetable juice,tropical fruit,whole milk,,,,,,
yogurt,rolls/buns,napkins,chicken,domestic eggs,,,,,
citrus fruit,ice cream,pastry,bottled water,coffee,root vegetables,shopping bags,frozen vegetables,tropical fruit,
soda,detergent,root vegetables,ice cream,yogurt,other vegetables,coffee,sausage,napkins,hamburger meat
pip fruit,root vegetables,citrus fruit,bottled water,cream cheese,,,,,
root vegetables,whole milk,newspapers,shopping bags,pip fruit,cream cheese,,,,
shopping bags,,,,,,,,,
coffee,yogurt,newspapers,whipped/sour cream,butter,detergent,hamburger meat,pip fruit,,
brown bread,sausage,fruit/vegetable juice,soda,butter,other vegetables,tropical fruit,whole milk,pastry,
whipped/sour cream,yogurt,pastry,,,,,,,
tropical fruit,,,,,,,,,
margarine,pip fruit,root vegetables,cream cheese,sausage,whipped/sour cream,,,,
yogurt,butter,rolls/buns,tropical fruit,detergent,soda,frozen vegetables,brown bread,curd,coffee
hamburger meat,coffee,yogurt,chicken,whole milk,newspapers,,,,
soda,yogurt,ice cream,brown bread,butter,tropical fruit,rolls/buns,shopping bags,whole milk,
newspapers,,,,,,,,,
pork,margarine,rolls/buns,ice cream,whipped/sour cream,fruit/vegetable juice,napkins,hamburger meat,shopping bags,
brown bread,,,,,,,,,
ice cream,margarine,,,,,,,,
brown bread,,,,,,,,,
citrus fruit,root vegetables,yogurt,shopping bags,tropical fruit,fruit/vegetable juice,bottled water,,,
chicken,cream cheese,brown bread,,,,,,,
brown bread,pip fruit,cream cheese,coffee,bottled water,whipped/sour cream,newspapers,,,
yogurt,soda,coffee,bottled water,,,,,,
sausage,soda,root vegetables,,,,,,,
brown bread,domestic eggs,pork,,,,,,,
pork,napkins,domestic eggs,whipped/sour cream,,,,,,
pork,shopping bags,coffee,rolls/buns,soda,newspapers,pip fruit,whipped/sour cream,bottled water,tropical fruit
cream cheese,rolls/buns,whole milk,butter,whipped/sour cream,chicken,shopping bags,curd,brown bread,domestic eggs
fruit/vegetable juice,detergent,pork,citrus fruit,coffee,margarine,chicken,cream cheese,root vegetables,
pastry,citrus fruit,,,,,,,,
detergent,yogurt,curd,pork,other vegetables,domestic eggs,coffee,,,
chicken,brown bread,domestic eggs,,,,,,,
root vegetables,butter,pip fruit,shopping bags,hamburger meat,brown bread,tropical fruit,newspapers,napkins,coffee
yogurt,tropical fruit,rolls/buns,detergent,citrus fruit,butter,pork,hamburger meat,,
chicken,sausage,cream cheese,,,,,,,
detergent,margarine,ice cream,brown bread,newspapers,curd,hamburger meat,sausage,butter,
chicken,tropical fruit,napkins,brown bread,,,,,,
root vegetables,other vegetables,hamburger meat,pork,rolls/buns,,,,,
coffee,rolls/buns,domestic eggs,curd,whole milk,butter,sausage,newspapers,other vegetables,
pastry,soda,ice cream,sausage,citrus fruit,bottled water,detergent,curd,,
other vegetables,,,,,,,,,
soda,margarine,frozen vegetables,whipped/sour cream,yogurt,pip fruit,brown bread,,,
yogurt,bottled water,root vegetables,fruit/vegetable juice,other vegetables,whole milk,rolls/buns,,,
pip fruit,frozen vegetables,,,,,,,,
shopping bags,,,,,,,,,
napkins,,,,,,,,,
newspapers,pastry,whipped/sour cream,other vegetables,cream cheese,hamburger meat,tropical fruit,whole milk,rolls/buns,
coffee,domestic eggs,other vegetables,hamburger meat,citrus fruit,detergent,yogurt,whipped/sour cream,root vegetables,
domestic eggs,hamburger meat,margarine,,,,,,,
bottled water,citrus fruit,cream cheese,,,,,,,
other vegetables,sausage,,,,,,,,
tropical fruit,pork,sausage,,,,,,,
butter,margarine,newspapers,brown bread,soda,tropical fruit,cream cheese,,,
pip fruit,shopping bags,whipped/sour cream,chicken,napkins,tropical fruit,hamburger meat,detergent,sausage,domestic eggs
sausage,cream cheese,frozen vegetables,other vegetables,root vegetables,brown bread,pork,detergent,,
margarine,detergent,bottled water,tropical fruit,other vegetables,,,,,
citrus fruit,whole milk,,,,,,,,
whole milk,soda,frozen vegetables,,,,,,,
ice cream,napkins,root vegetables,margarine,pork,pip fruit,coffee,soda,detergent,
ice cream,curd,chicken,yogurt,,,,,,
newspapers,pastry,cream cheese,,,,,,,
soda,,,,,,,,,
sausage,shopping bags,domestic eggs,fruit/vegetable juice,ice cream,cream cheese,margarine,,,
rolls/buns,margarine,bottled water,root vegetables,ice cream,sausage,coffee,pip fruit,hamburger meat,cream cheese
pork,chicken,bottled water,domestic eggs,whole milk,rolls/buns,,,,
shopping bags,butter,napkins,whole milk,domestic eggs,whipped/sour cream,,,,
coffee,frozen vegetables,yogurt,root vegetables,butter,newspapers,bottled water,whipped/sour cream,domestic eggs,curd
pork,,,,,,,,,
bottled water,brown bread,cream cheese,shopping bags,whole milk,fruit/vegetable juice,frozen vegetables,yogurt,,
brown bread,,,,,,,,,
newspapers,bottled water,citrus fruit,detergent,butter,root vegetables,pastry,sausage,,
pork,ice cream,tropical fruit,napkins,,,,,,
newspapers,hamburger meat,margarine,tropical fruit,rolls/buns,cream cheese,,,,
bottled water,root vegetables,frozen vegetables,brown bread,pork,rolls/buns,whole milk,citrus fruit,pip fruit,domestic eggs
detergent,other vegetables,brown bread,curd,napkins,yogurt,shopping bags,root vegetables,,
sausage,whipped/sour cream,coffee,hamburger meat,soda,pip fruit,newspapers,frozen vegetables,brown bread,other vegetables
rolls/buns,pip fruit,,,,,,,,
domestic eggs,,,,,,,,,
butter,yogurt,pip fruit,other vegetables,newspapers,soda,chicken,bottled water,tropical fruit,whipped/sour cream
curd,napkins,whole milk,,,,,,,
other vegetables,,,,,,,,,
napkins,butter,ice cream,shopping bags,,,,,,
shopping bags,curd,pastry,detergent,hamburger meat,yogurt,citrus fruit,,,
brown bread,pork,root vegetables,chicken,yogurt,tropical fruit,coffee,,,
butter,yogurt,other vegetables,domestic eggs,napkins,margarine,chicken,pastry,newspapers,
rolls/buns,citrus fruit,other vegetables,butter,,,,,,
domestic eggs,newspapers,,,,,,,,
cream cheese,citrus fruit,butter,detergent,frozen vegetables,margarine,,,,
ice cream,,,,,,,,,
frozen vegetables,domestic eggs,,,,,,,,
chicken,pip fruit,bottled water,,,,,,,
pip fruit,shopping bags,rolls/buns,brown bread,whole milk,soda,napkins,other vegetables,ice cream,
frozen vegetables,shopping bags,,,,,,,,
shopping bags,soda,root vegetables,newspapers,whole milk,brown bread,tropical fruit,rolls/buns,napkins,
bottled water,yogurt,rolls/buns,,,,,,,
curd,shopping bags,sausage,pip fruit,margarine,,,,,
coffee,sausage,rolls/buns,whole milk,pork,,,,,
domestic eggs,butter,margarine,whole milk,whipped/sour cream,,,,,
tropical fruit,frozen vegetables,cream cheese,,,,,,,
sausage,newspapers,yogurt,rolls/buns,margarine,pip fruit,citrus fruit,,,
whole milk,whipped/sour cream,newspapers,pork,tropical fruit,fruit/vegetable juice,,,,
bottled water,margarine,yogurt,fruit/vegetable juice,curd,,,,,
pip fruit,,,,,,,,,
detergent,sausage,fruit/vegetable juice,brown bread,other vegetables,hamburger meat,root vegetables,pastry,margarine,
whipped/sour cream,hamburger meat,butter,,,,,,,
sausage,curd,soda,cream cheese,fruit/vegetable juice,tropical fruit,whipped/sour cream,chicken,shopping bags,root vegetables
newspapers,butter,fruit/vegetable juice,,,,,,,
citrus fruit,whole milk,,,,,,,,
rolls/buns,shopping bags,whole milk,bottled water,sausage,margarine,pip fruit,yogurt,whipped/sour cream,detergent
shopping bags,brown bread,tropical fruit,domestic eggs,whole milk,bottled water,butter,pastry,napkins,whipped/sour cream
ice cream,yogurt,shopping bags,margarine,curd,fruit/vegetable juice,pip fruit,domestic eggs,,
chicken,root vegetables,domestic eggs,,,,,,,
domestic eggs,margarine,pork,,,,,,,
hamburger meat,tropical fruit,ice cream,whole milk,,,,,,
coffee,butter,tropical fruit,fruit/vegetable juice,shopping bags,,,,,
bottled water,tropical fruit,hamburger meat,,,,,,,
fruit/vegetable juice,napkins,pastry,newspapers,coffee,frozen vegetables,soda,pip fruit,,
shopping bags,whole milk,butter,,,,,,,
napkins,tropical fruit,chicken,root vegetables,,,,,,
curd,frozen vegetables,cream cheese,yogurt,chicken,whipped/sour cream,root vegetables,,,
detergent,fruit/vegetable juice,,,,,,,,
tropical fruit,pip fruit,hamburger meat,margarine,shopping bags,,,,,
pork,bottled water,soda,margarine,rolls/buns,sausage,pip fruit,,,
hamburger meat,rolls/buns,tropical fruit,pastry,coffee,,,,,
butter,bottled water,coffee,frozen vegetables,sausage,,,,,
rolls/buns,chicken,cream cheese,bottled water,,,,,,
yogurt,hamburger meat,bottled water,citrus fruit,rolls/buns,ice cream,napkins,,,
root vegetables,coffee,,,,,,,,
pip fruit,chicken,,,,,,,,
chicken,yogurt,detergent,napkins,,,,,,
chicken,tropical fruit,whole milk,frozen vegetables,,,,,,
cream cheese,detergent,margarine,whipped/sour cream,coffee,pork,butter,soda,,
rolls/buns,frozen vegetables,pip fruit,ice cream,,,,,,
napkins,yogurt,,,,,,,,
margarine,soda,chicken,citrus fruit,frozen vegetables,coffee,pork,brown bread,,
soda,chicken,other vegetables,pip fruit,rolls/buns,citrus fruit,domestic eggs,pastry,sausage,
other vegetables,pastry,chicken,detergent,pork,brown bread,pip fruit,rolls/buns,newspapers,
sausage,napkins,pip fruit,whipped/sour cream,margarine,hamburger meat,coffee,brown bread,rolls/buns,pastry
coffee,yogurt,pastry,,,,,,,
detergent,whipped/sour cream,other vegetables,,,,,,,
pip fruit,detergent,whole milk,yogurt,soda,,,,,
pastry,,,,,,,,,
curd,soda,shopping bags,margarine,,,,,,
frozen vegetables,ice cream,brown bread,curd,shopping bags,root vegetables,margarine,,,
ice cream,cream cheese,shopping bags,whipped/sour cream,yogurt,chicken,fruit/vegetable juice,brown bread,,
butter,margarine,coffee,hamburger meat,brown bread,citrus fruit,frozen vegetables,,,
domestic eggs,citrus fruit,rolls/buns,,,,,,,
hamburger meat,chicken,napkins,pastry,domestic eggs,tropical fruit,pork,,,
brown bread,shopping bags,soda,root vegetables,domestic eggs,butter,frozen vegetables,pip fruit,,
pork,curd,butter,,,,,,,
newspapers,pip fruit,coffee,detergent,tropical fruit,whole milk,margarine,frozen vegetables,other vegetables,
pip fruit,butter,whole milk,frozen vegetables,cream cheese,ice cream,shopping bags,,,
bottled water,newspapers,citrus fruit,frozen vegetables,other vegetables,pip fruit,soda,ice cream,butter,curd
pastry,hamburger meat,,,,,,,,
other vegetables,whipped/sour cream,,,,,,,,
chicken,detergent,brown bread,,,,,,,
domestic eggs,hamburger meat,ice cream,citrus fruit,coffee,napkins,soda,,,
soda,ice cream,pastry,frozen vegetables,other vegetables,cream cheese,pork,,,
brown bread,frozen vegetables,,,,,,,,
frozen vegetables,domestic eggs,butter,whole milk,ice cream,other vegetables,napkins,tropical fruit,coffee,
pip fruit,brown bread,shopping bags,butter,pastry,,,,,
sausage,citrus fruit,,,,,,,,
frozen vegetables,curd,tropical fruit,butter,citrus fruit,other vegetables,fruit/vegetable juice,whipped/sour cream,coffee,
frozen vegetables,,,,,,,,,
coffee,frozen vegetables,root vegetables,hamburger meat,cream cheese,pork,whipped/sour cream,other vegetables,yogurt,shopping bags
rolls/buns,,,,,,,,,
pastry,chicken,pork,yogurt,brown bread,whole milk,fruit/vegetable juice,curd,,
detergent,napkins,newspapers,root vegetables,hamburger meat,bottled water,chicken,frozen vegetables,,
newspapers,hamburger meat,sausage,pastry,pip fruit,detergent,whipped/sour cream,rolls/buns,ice cream,soda
shopping bags,coffee,yogurt,cream cheese,domestic eggs,bottled water,chicken,ice cream,,
fruit/vegetable juice,sausage,napkins,pastry,bottled water,,,,,
whipped/sour cream,,,,,,,,,
brown bread,butter,curd,cream cheese,tropical fruit,fruit/vegetable juice,,,,
citrus fruit,pastry,ice cream,newspapers,coffee,rolls/buns,soda,margarine,root vegetables,
sausage,whole milk,fruit/vegetable juice,soda,curd,detergent,coffee,ice cream,hamburger meat,tropical fruit
detergent,rolls/buns,newspapers,domestic eggs,cream cheese,hamburger meat,butter,napkins,,
cream cheese,fruit/vegetable juice,rolls/buns,chicken,,,,,,
napkins,domestic eggs,yogurt,curd,cream cheese,pip fruit,fruit/vegetable juice,other vegetables,frozen vegetables,
other vegetables,pork,sausage,butter,yogurt,frozen vegetables,newspapers,,,
domestic eggs,whipped/sour cream,cream cheese,chicken,napkins,detergent,pork,whole milk,sausage,pastry
hamburger meat,sausage,brown bread,coffee,rolls/buns,detergent,fruit/vegetable juice,,,
fruit/vegetable juice,citrus fruit,tropical fruit,,,,,,,
pip fruit,detergent,ice cream,,,,,,,
whole milk,curd,other vegetables,soda,citrus fruit,napkins,tropical fruit,coffee,butter,
butter,newspapers,hamburger meat,brown bread,frozen vegetables,fruit/vegetable juice,napkins,soda,,
newspapers,root vegetables,shopping bags,bottled water,fruit/vegetable juice,,,,,
newspapers,rolls/buns,domestic eggs,pip fruit,brown bread,,,,,
ice cream,bottled water,coffee,sausage,chicken,other vegetables,margarine,cream cheese,butter,
pastry,shopping bags,chicken,pork,,,,,,
rolls/buns,shopping bags,yogurt,whipped/sour cream,domestic eggs,newspapers,margarine,fruit/vegetable juice,,
pip fruit,whipped/sour cream,brown bread,soda,tropical fruit,cream cheese,sausage,margarine,curd,
coffee,fruit/vegetable juice,,,,,,,,
newspapers,bottled water,root vegetables,shopping bags,other vegetables,brown bread,fruit/vegetable juice,rolls/buns,napkins,
citrus fruit,,,,,,,,,
coffee,,,,,,,,,
coffee,other vegetables,soda,chicken,pip fruit,citrus fruit,cream cheese,frozen vegetables,rolls/buns,detergent
tropical fruit,sausage,root vegetables,butter,whole milk,coffee,,,,
brown bread,pork,detergent,hamburger meat,curd,,,,,
whole milk,curd,pastry,,,,,,,
brown bread,root vegetables,yogurt,cream cheese,coffee,fruit/vegetable juice,curd,butter,whipped/sour cream,soda
bottled water,frozen vegetables,soda,chicken,brown bread,cream cheese,pip fruit,whole milk,,
bottled water,yogurt,napkins,citrus fruit,butter,domestic eggs,pork,cream cheese,rolls/buns,whole milk
detergent,fruit/vegetable juice,yogurt,butter,shopping bags,citrus fruit,sausage,,,
whole milk,,,,,,,,,
tropical fruit,sausage,detergent,shopping bags,curd,coffee,newspapers,citrus fruit,domestic eggs,bottled water
pork,domestic eggs,cream cheese,root vegetables,ice cream,newspapers,curd,citrus fruit,bottled water,shopping bags
brown bread,shopping bags,rolls/buns,tropical fruit,whole milk,,,,,
coffee,citrus fruit,margarine,brown bread,,,,,,
frozen vegetables,shopping bags,fruit/vegetable juice,citrus fruit,tropical fruit,bottled water,soda,cream cheese,,
curd,margarine,butter,hamburger meat,yogurt,soda,,,,
shopping bags,soda,cream cheese,rolls/buns,hamburger meat,,,,,
chicken,domestic eggs,napkins,pork,tropical fruit,whipped/sour cream,fruit/vegetable juice,brown bread,pastry,
yogurt,citrus fruit,tropical fruit,other vegetables,ice cream,root vegetables,brown bread,rolls/buns,shopping bags,frozen vegetables
coffee,whole milk,,,,,,,,
detergent,cream cheese,frozen vegetables,whole milk,shopping bags,chicken,tropical fruit,root vegetables,yogurt,ice cream
frozen vegetables,,,,,,,,,
whole milk,shopping bags,whipped/sour cream,coffee,,,,,,
other vegetables,fruit/vegetable juice,whole milk,cream cheese,butter,pork,margarine,bottled water,sausage,frozen vegetables
detergent,rolls/buns,curd,cream cheese,chicken,hamburger meat,newspapers,frozen vegetables,margarine,other vegetables
other vegetables,,,,,,,,,
sausage,whipped/sour cream,fruit/vegetable juice,tropical fruit,shopping bags,,,,,
pastry,chicken,,,,,,,,
pastry,ice cream,pork,fruit/vegetable juice,,,,,,
frozen vegetables,brown bread,whole milk,tropical fruit,coffee,,,,,
butter,pork,citrus fruit,pastry,bottled water,,,,,
citrus fruit,root vegetables,pastry,,,,,,,
bottled water,root vegetables,fruit/vegetable juice,curd,,,,,,
curd,whipped/sour cream,other vegetables,bottled water,brown bread,,,,,
root vegetables,whipped/sour cream,citrus fruit,curd,,,,,,
ice cream,pip fruit,fruit/vegetable juice,detergent,rolls/buns,,,,,
whole milk,cream cheese,,,,,,,,
root vegetables,pip fruit,frozen vegetables,yogurt,coffee,,,,,
pastry,whipped/sour cream,domestic eggs,ice cream,whole milk,cream cheese,,,,
bottled water,chicken,yogurt,detergent,pastry,cream cheese,whipped/sour cream,,,
whole milk,root vegetables,,,,,,,,
chicken,coffee,brown bread,bottled water,margarine,,,,,
yogurt,root vegetables,rolls/buns,detergent,soda,napkins,shopping bags,cream cheese,,
tropical fruit,detergent,frozen vegetables,pastry,napkins,bottled water,cream cheese,margarine,shopping bags,
hamburger meat,cream cheese,ice cream,shopping bags,citrus fruit,domestic eggs,,,,
chicken,ice cream,pastry,sausage,whole milk,,,,,
pip fruit,chicken,detergent,pork,citrus fruit,,,,,
root vegetables,pip fruit,cream cheese,butter,whipped/sour cream,citrus fruit,pork,soda,napkins,
domestic eggs,pip fruit,soda,bottled water,cream cheese,fruit/vegetable juice,curd,napkins,,
chicken,coffee,curd,shopping bags,rolls/buns,napkins,frozen vegetables,pork,root vegetables,detergent
napkins,soda,bottled water,whipped/sour cream,pip fruit,yogurt,brown bread,pastry,,
yogurt,frozen vegetables,,,,,,,,
other vegetables,,,,,,,,,
napkins,other vegetables,citrus fruit,,,,,,,
margarine,frozen vegetables,root vegetables,whipped/sour cream,citrus fruit,soda,sausage,pork,,
napkins,soda,,,,,,,,
soda,rolls/buns,fruit/vegetable juice,domestic eggs,root vegetables,citrus fruit,whipped/sour cream,sausage,chicken,
butter,curd,pip fruit,chicken,,,,,,
yogurt,sausage,domestic eggs,pork,whole milk,,,,,
root vegetables,pip fruit,newspapers,margarine,sausage,tropical fruit,butter,hamburger meat,whole milk,other vegetables
curd,frozen vegetables,rolls/buns,margarine,bottled water,cream cheese,whole milk,napkins,,
cream cheese,bottled water,other vegetables,napkins,domestic eggs,tropical fruit,hamburger meat,yogurt,,
newspapers,,,,,,,,,
butter,yogurt,napkins,coffee,tropical fruit,newspapers,,,,
butter,chicken,other vegetables,hamburger meat,curd,root vegetables,sausage,detergent,brown bread,
newspapers,,,,,,,,,
margarine,hamburger meat,ice cream,brown bread,cream cheese,shopping bags,pastry,chicken,pip fruit,whole milk
butter,newspapers,other vegetables,pastry,,,,,,
shopping bags,chicken,domestic eggs,,,,,,,
frozen vegetables,shopping bags,hamburger meat,detergent,cream cheese,pastry,napkins,root vegetables,soda,
detergent,napkins,coffee,chicken,ice cream,fruit/vegetable juice,pork,butter,pastry,
coffee,chicken,bottled water,frozen vegetables,napkins,pork,pastry,,,
pip fruit,,,,,,,,,
pork,fruit/vegetable juice,whole milk,coffee,newspapers,rolls/buns,root vegetables,margarine,shopping bags,domestic eggs
whipped/sour cream,hamburger meat,pip fruit,butter,domestic eggs,napkins,margarine,citrus fruit,,
fruit/vegetable juice,brown bread,newspapers,rolls/buns,,,,,,
shopping bags,hamburger meat,sausage,margarine,root vegetables,pip fruit,bottled water,ice cream,,
chicken,pastry,,,,,,,,
soda,chicken,domestic eggs,pip fruit,sausage,tropical fruit,frozen vegetables,whipped/sour cream,butter,detergent
root vegetables,ice cream,,,,,,,,
soda,,,,,,,,,
napkins,citrus fruit,bottled water,cream cheese,ice cream,,,,,
pastry,pork,newspapers,,,,,,,
chicken,fruit/vegetable juice,brown bread,yogurt,,,,,,
frozen vegetables,detergent,domestic eggs,citrus fruit,whole milk,bottled water,soda,curd,,
margarine,detergent,pip fruit,domestic eggs,,,,,,
citrus fruit,whole milk,frozen vegetables,,,,,,,
sausage,citrus fruit,butter,tropical fruit,,,,,,
margarine,napkins,pork,ice cream,whole milk,,,,,
whole milk,,,,,,,,,
sausage,domestic eggs,hamburger meat,pastry,pork,other vegetables,margarine,tropical fruit,,
fruit/vegetable juice,margarine,ice cream,,,,,,,
brown bread,bottled water,butter,sausage,shopping bags,whipped/sour cream,domestic eggs,pip fruit,hamburger meat,
whipped/sour cream,detergent,,,,,,,,
frozen vegetables,butter,napkins,brown bread,ice cream,pork,whole milk,citrus fruit,,
tropical fruit,shopping bags,hamburger meat,whipped/sour cream,newspapers,detergent,sausage,other vegetables,citrus fruit,
sausage,tropical fruit,coffee,pastry,frozen vegetables,napkins,citrus fruit,cream cheese,,
whole milk,bottled water,hamburger meat,newspapers,domestic eggs,,,,,
napkins,whole milk,chicken,citrus fruit,pastry,other vegetables,yogurt,hamburger meat,cream cheese,margarine
domestic eggs,sausage,bottled water,pork,yogurt,citrus fruit,pastry,chicken,whole milk,
detergent,ice cream,chicken,newspapers,napkins,citrus fruit,curd,whipped/sour cream,domestic eggs,
bottled water,napkins,other vegetables,,,,,,,
butter,,,,,,,,,
tropical fruit,fruit/vegetable juice,brown bread,frozen vegetables,curd,ice cream,shopping bags,root vegetables,,
detergent,hamburger meat,domestic eggs,,,,,,,
cream cheese,pip fruit,yogurt,detergent,root vegetables,curd,pork,shopping bags,,
yogurt,chicken,curd,ice cream,bottled water,soda,domestic eggs,sausage,,
napkins,ice cream,domestic eggs,detergent,citrus fruit,,,,,
pork,brown bread,whole milk,domestic eggs,fruit/vegetable juice,cream cheese,rolls/buns,,,
bottled water,chicken,pip fruit,tropical fruit,other vegetables,hamburger meat,butter,,,
pip fruit,newspapers,shopping bags,brown bread,bottled water,frozen vegetables,curd,,,
ice cream,other vegetables,chicken,cream cheese,,,,,,
chicken,butter,detergent,root vegetables,fruit/vegetable juice,citrus fruit,napkins,frozen vegetables,,
newspapers,shopping bags,fruit/vegetable juice,pastry,ice cream,domestic eggs,yogurt,root vegetables,pork,
citrus fruit,curd,tropical fruit,domestic eggs,,,,,,
pork,whipped/sour cream,fruit/vegetable juice,soda,pastry,detergent,tropical fruit,citrus fruit,,
ice cream,curd,detergent,,,,,,,
fruit/vegetable juice,detergent,pastry,yogurt,whole milk,rolls/buns,ice cream,soda,,
pork,pastry,chicken,citrus fruit,,,,,,
hamburger meat,shopping bags,citrus fruit,bottled water,soda,sausage,whole milk,,,
pip fruit,yogurt,margarine,coffee,,,,,,
other vegetables,tropical fruit,detergent,margarine,,,,,,
detergent,frozen vegetables,whole milk,citrus fruit,shopping bags,yogurt,,,,
shopping bags,pork,pip fruit,,,,,,,
yogurt,pastry,brown bread,coffee,,,,,,
tropical fruit,brown bread,napkins,sausage,whipped/sour cream,,,,,
pip fruit,curd,napkins,chicken,citrus fruit,bottled water,,,,
butter,hamburger meat,frozen vegetables,curd,coffee,other vegetables,tropical fruit,cream cheese,domestic eggs,
pip fruit,,,,,,,,,
whole milk,pork,fruit/vegetable juice,sausage,tropical fruit,domestic eggs,citrus fruit,soda,,
bottled water,,,,,,,,,
pastry,napkins,frozen vegetables,pip fruit,tropical fruit,bottled water,citrus fruit,chicken,margarine,
curd,sausage,,,,,,,,
coffee,curd,fruit/vegetable juice,rolls/buns,chicken,pork,butter,sausage,tropical fruit,ice cream
napkins,tropical fruit,,,,,,,,
chicken,root vegetables,butter,ice cream,whole milk,,,,,
fruit/vegetable juice,butter,pip fruit,shopping bags,root vegetables,detergent,margarine,frozen vegetables,,
pip fruit,ice cream,napkins,whipped/sour cream,sausage,domestic eggs,brown bread,,,
cream cheese,coffee,ice cream,soda,root vegetables,fruit/vegetable juice,whole milk,margarine,napkins,
detergent,butter,fruit/vegetable juice,domestic eggs,napkins,cream cheese,pastry,hamburger meat,frozen vegetables,
frozen vegetables,ice cream,rolls/buns,shopping bags,napkins,,,,,
detergent,domestic eggs,curd,other vegetables,root vegetables,margarine,rolls/buns,,,
yogurt,whipped/sour cream,bottled water,coffee,hamburger meat,detergent,,,,
brown bread,hamburger meat,coffee,napkins,frozen vegetables,bottled water,pork,,,
pork,hamburger meat,whipped/sour cream,cream cheese,yogurt,,,,,
detergent,hamburger meat,coffee,citrus fruit,,,,,,
pip fruit,pork,napkins,ice cream,coffee,,,,,
tropical fruit,pip fruit,detergent,citrus fruit,hamburger meat,frozen vegetables,,,,
butter,,,,,,,,,
citrus fruit,sausage,soda,rolls/buns,fruit/vegetable juice,other vegetables,,,,
soda,brown bread,whipped/sour cream,yogurt,hamburger meat,pip fruit,,,,
ice cream,detergent,brown bread,,,,,,,
margarine,coffee,cream cheese,other vegetables,,,,,,
brown bread,,,,,,,,,
citrus fruit,hamburger meat,ice cream,domestic eggs,fruit/vegetable juice,yogurt,chicken,brown bread,whipped/sour cream,
newspapers,other vegetables,,,,,,,,
brown bread,tropical fruit,pip fruit,pork,,,,,,
curd,newspapers,sausage,bottled water,butter,coffee,,,,
shopping bags,,,,,,,,,
pip fruit,chicken,sausage,coffee,detergent,,,,,
napkins,pork,sausage,chicken,whipped/sour cream,,,,,
pastry,chicken,fruit/vegetable juice,butter,soda,napkins,margarine,hamburger meat,,
root vegetables,shopping bags,,,,,,,,
pork,citrus fruit,newspapers,napkins,margarine,detergent,whole milk,frozen vegetables,fruit/vegetable juice,
pork,yogurt,sausage,,,,,,,
fruit/vegetable juice,napkins,,,,,,,,
citrus fruit,chicken,margarine,pork,sausage,,,,,
whipped/sour cream,frozen vegetables,tropical fruit,,,,,,,
citrus fruit,newspapers,tropical fruit,butter,soda,yogurt,rolls/buns,fruit/vegetable juice,pork,
pastry,coffee,napkins,cream cheese,other vegetables,frozen vegetables,citrus fruit,butter,,
curd,,,,,,,,,
whipped/sour cream,rolls/buns,pastry,margarine,curd,pork,shopping bags,,,
fruit/vegetable juice,detergent,yogurt,chicken,ice cream,pastry,,,,
hamburger meat,citrus fruit,whipped/sour cream,,,,,,,
pastry,rolls/buns,other vegetables,whole milk,,,,,,
ice cream,fruit/vegetable juice,chicken,frozen vegetables,margarine,sausage,root vegetables,,,
root vegetables,,,,,,,,,
whole milk,ice cream,citrus fruit,root vegetables,cream cheese,soda,pip fruit,,,
frozen vegetables,root vegetables,sausage,ice cream,yogurt,soda,citrus fruit,pork,detergent,
ice cream,tropical fruit,whole milk,pork,other vegetables,bottled water,fruit/vegetable juice,coffee,pastry,
whipped/sour cream,brown bread,soda,fruit/vegetable juice,coffee,chicken,whole milk,tropical fruit,,
napkins,citrus fruit,yogurt,margarine,,,,,,
newspapers,chicken,tropical fruit,whole milk,,,,,,
tropical fruit,shopping bags,curd,,,,,,,
sausage,,,,,,,,,
tropical fruit,fruit/vegetable juice,margarine,pork,pip fruit,brown bread,rolls/buns,,,
butter,whole milk,rolls/buns,citrus fruit,domestic eggs,fruit/vegetable juice,pip fruit,,,
hamburger meat,bottled water,margarine,cream cheese,citrus fruit,fruit/vegetable juice,,,,
other vegetables,pork,soda,citrus fruit,hamburger meat,tropical fruit,newspapers,margarine,cream cheese,
hamburger meat,bottled water,tropical fruit,root vegetables,fruit/vegetable juice,curd,frozen vegetables,citrus fruit,,
pastry,root vegetables,domestic eggs,whole milk,brown bread,butter,ice cream,bottled water,,
cream cheese,yogurt,pastry,other vegetables,fruit/vegetable juice,,,,,
cream cheese,other vegetables,root vegetables,sausage,citrus fruit,butter,ice cream,coffee,brown bread,napkins
ice cream,pork,,,,,,,,
detergent,,,,,,,,,
yogurt,margarine,coffee,whipped/sour cream,,,,,,
margarine,sausage,other vegetables,newspapers,yogurt,root vegetables,,,,
whipped/sour cream,newspapers,bottled water,detergent,whole milk,,,,,
cream cheese,shopping bags,chicken,yogurt,,,,,,
frozen vegetables,whole milk,napkins,ice cream,domestic eggs,newspapers,soda,,,
napkins,cream cheese,domestic eggs,pip fruit,,,,,,
soda,whipped/sour cream,ice cream,margarine,citrus fruit,root vegetables,rolls/buns,shopping bags,napkins,
bottled water,pip fruit,pork,coffee,yogurt,root vegetables,other vegetables,whipped/sour cream,newspapers,
soda,root vegetables,napkins,margarine,citrus fruit,bottled water,butter,chicken,shopping bags,tropical fruit
rolls/buns,root vegetables,chicken,,,,,,,
other vegetables,frozen vegetables,pork,newspapers,curd,margarine,,,,
frozen vegetables,butter,pastry,root vegetables,ice cream,domestic eggs,newspapers,fruit/vegetable juice,,
pip fruit,other vegetables,,,,,,,,
detergent,curd,bottled water,fruit/vegetable juice,napkins,cream cheese,pip fruit,pastry,,
newspapers,frozen vegetables,whole milk,,,,,,,
pip fruit,soda,newspapers,frozen vegetables,whipped/sour cream,ice cream,tropical fruit,,,
yogurt,cream cheese,shopping bags,,,,,,,
rolls/buns,whipped/sour cream,shopping bags,coffee,pork,whole milk,newspapers,butter,,
brown bread,ice cream,pip fruit,margarine,newspapers,yogurt,shopping bags,bottled water,,
frozen vegetables,rolls/buns,pork,napkins,ice cream,cream cheese,coffee,root vegetables,hamburger meat,whipped/sour cream
citrus fruit,fruit/vegetable juice,soda,domestic eggs,margarine,root vegetables,chicken,,,
curd,shopping bags,butter,pip fruit,soda,,,,,
pork,sausage,frozen vegetables,newspapers,butter,tropical fruit,coffee,pastry,,
cream cheese,brown bread,pork,other vegetables,margarine,,,,,
frozen vegetables,whole milk,bottled water,sausage,hamburger meat,,,,,
napkins,rolls/buns,butter,brown bread,cream cheese,detergent,coffee,frozen vegetables,,
coffee,pork,,,,,,,,
citrus fruit,napkins,shopping bags,frozen vegetables,pork,butter,,,,
butter,brown bread,pastry,whipped/sour cream,margarine,napkins,chicken,cream cheese,pork,
root vegetables,whipped/sour cream,newspapers,hamburger meat,yogurt,fruit/vegetable juice,whole milk,,,
soda,shopping bags,sausage,rolls/buns,cream cheese,margarine,pork,brown bread,pastry,napkins
newspapers,pastry,,,,,,,,
margarine,bottled water,whipped/sour cream,hamburger meat,,,,,,
domestic eggs,root vegetables,soda,sausage,pork,coffee,other vegetables,,,
fruit/vegetable juice,frozen vegetables,shopping bags,napkins,citrus fruit,coffee,,,,
bottled water,pork,,,,,,,,
pastry,pip fruit,curd,root vegetables,,,,,,
hamburger meat,,,,,,,,,
napkins,curd,frozen vegetables,chicken,butter,citrus fruit,domestic eggs,pip fruit,pastry,
whipped/sour cream,shopping bags,curd,soda,citrus fruit,pip fruit,tropical fruit,,,
sausage,fruit/vegetable juice,brown bread,cream cheese,,,,,,
fruit/vegetable juice,hamburger meat,,,,,,,,
napkins,whole milk,pastry,pip fruit,curd,ice cream,pork,sausage,brown bread,frozen vegetables
brown bread,butter,hamburger meat,ice cream,domestic eggs,citrus fruit,cream cheese,shopping bags,,
tropical fruit,coffee,hamburger meat,margarine,butter,,,,,
curd,ice cream,soda,chicken,brown bread,pastry,coffee,citrus fruit,butter,bottled water
other vegetables,,,,,,,,,
ice cream,soda,rolls/buns,hamburger meat,brown bread,margarine,sausage,fruit/vegetable juice,,
brown bread,bottled water,curd,napkins,,,,,,
ice cream,curd,other vegetables,shopping bags,chicken,newspapers,butter,cream cheese,yogurt,citrus fruit
pork,pastry,shopping bags,soda,ice cream,sausage,root vegetables,domestic eggs,whole milk,newspapers
yogurt,whipped/sour cream,tropical fruit,,,,,,,
hamburger meat,cream cheese,pork,soda,,,,,,
domestic eggs,chicken,sausage,,,,,,,
tropical fruit,curd,root vegetables,pork,whole milk,hamburger meat,,,,
tropical fruit,pork,yogurt,curd,fruit/vegetable juice,coffee,,,,
brown bread,domestic eggs,soda,fruit/vegetable juice,bottled water,,,,,
detergent,cream cheese,coffee,frozen vegetables,butter,curd,pip fruit,domestic eggs,hamburger meat,yogurt
root vegetables,,,,,,,,,
ice cream,tropical fruit,soda,butter,chicken,hamburger meat,whole milk,shopping bags,margarine,coffee
pastry,other vegetables,coffee,hamburger meat,domestic eggs,chicken,cream cheese,detergent,yogurt,sausage
whipped/sour cream,pastry,butter,,,,,,,
napkins,tropical fruit,,,,,,,,
butter,tropical fruit,ice cream,pastry,,,,,,
domestic eggs,,,,,,,,,
frozen vegetables,bottled water,napkins,,,,,,,
newspapers,other vegetables,pip fruit,brown bread,bottled water,citrus fruit,,,,
whipped/sour cream,,,,,,,,,
pastry,brown bread,,,,,,,,
frozen vegetables,,,,,,,,,
brown bread,root vegetables,curd,citrus fruit,tropical fruit,fruit/vegetable juice,,,,
detergent,frozen vegetables,newspapers,,,,,,,
ice cream,napkins,pastry,hamburger meat,coffee,pip fruit,root vegetables,margarine,bottled water,
shopping bags,whipped/sour cream,,,,,,,,
ice cream,,,,,,,,,
fruit/vegetable juice,whole milk,shopping bags,butter,coffee,,,,,
sausage,curd,soda,yogurt,,,,,,
domestic eggs,curd,pip fruit,shopping bags,cream cheese,fruit/vegetable juice,detergent,pork,rolls/buns,soda
ice cream,curd,cream cheese,rolls/buns,fruit/vegetable juice,shopping bags,,,,
ice cream,whole milk,fruit/vegetable juice,,,,,,,
frozen vegetables,butter,yogurt,shopping bags,detergent,other vegetables,tropical fruit,chicken,root vegetables,napkins
bottled water,brown bread,tropical fruit,,,,,,,
ice cream,margarine,pastry,butter,,,,,,
hamburger meat,curd,citrus fruit,other vegetables,domestic eggs,chicken,cream cheese,brown bread,whipped/sour cream,
chicken,ice cream,yogurt,rolls/buns,frozen vegetables,,,,,
root vegetables,pip fruit,,,,,,,,
margarine,ice cream,root vegetables,cream cheese,hamburger meat,shopping bags,,,,
cream cheese,detergent,butter,hamburger meat,brown bread,rolls/buns,ice cream,,,
fruit/vegetable juice,newspapers,frozen vegetables,pastry,pip fruit,citrus fruit,,,,
frozen vegetables,ice cream,detergent,brown bread,curd,,,,,
pork,pastry,curd,detergent,tropical fruit,whipped/sour cream,pip fruit,hamburger meat,fruit/vegetable juice,
other vegetables,,,,,,,,,
detergent,chicken,rolls/buns,domestic eggs,,,,,,
butter,frozen vegetables,pip fruit,bottled water,hamburger meat,pastry,,,,
rolls/buns,napkins,margarine,detergent,ice cream,shopping bags,,,,
citrus fruit,frozen vegetables,,,,,,,,
rolls/buns,chicken,pastry,tropical fruit,brown bread,sausage,ice cream,yogurt,,
pip fruit,rolls/buns,bottled water,,,,,,,
newspapers,butter,whipped/sour cream,soda,whole milk,chicken,cream cheese,,,
yogurt,root vegetables,hamburger meat,whole milk,ice cream,fruit/vegetable juice,detergent,newspapers,,
brown bread,other vegetables,newspapers,tropical fruit,curd,pork,,,,
detergent,citrus fruit,pastry,tropical fruit,,,,,,
domestic eggs,newspapers,ice cream,pip fruit,frozen vegetables,soda,whole milk,brown bread,yogurt,
rolls/buns,soda,newspapers,whole milk,citrus fruit,frozen vegetables,pork,whipped/sour cream,tropical fruit,sausage
yogurt,napkins,,,,,,,,
rolls/buns,margarine,brown bread,sausage,,,,,,
soda,napkins,domestic eggs,detergent,frozen vegetables,,,,,
other vegetables,margarine,coffee,bottled water,pastry,root vegetables,pork,,,
margarine,cream cheese,butter,,,,,,,
ice cream,whipped/sour cream,pip fruit,margarine,,,,,,
curd,,,,,,,,,
detergent,rolls/buns,pip fruit,yogurt,whole milk,frozen vegetables,chicken,whipped/sour cream,root vegetables,other vegetables
cream cheese,coffee,whipped/sour cream,,,,,,,
brown bread,sausage,hamburger meat,detergent,newspapers,cream cheese,coffee,fruit/vegetable juice,whipped/sour cream,
ice cream,chicken,cream cheese,other vegetables,butter,detergent,fruit/vegetable juice,hamburger meat,pork,
yogurt,hamburger meat,tropical fruit,domestic eggs,brown bread,,,,,
detergent,chicken,butter,brown bread,soda,tropical fruit,sausage,pastry,curd,
fruit/vegetable juice,butter,margarine,whipped/sour cream,pastry,,,,,
butter,,,,,,,,,
chicken,citrus fruit,root vegetables,fruit/vegetable juice,tropical fruit,,,,,
cream cheese,citrus fruit,soda,pastry,pork,,,,,
yogurt,detergent,ice cream,pastry,butter,newspapers,margarine,frozen vegetables,fruit/vegetable juice,cream cheese
soda,curd,pastry,citrus fruit,coffee,cream cheese,whole milk,whipped/sour cream,other vegetables,tropical fruit
whole milk,pastry,citrus fruit,rolls/buns,fruit/vegetable juice,sausage,hamburger meat,,,
citrus fruit,chicken,bottled water,other vegetables,whole milk,newspapers,hamburger meat,napkins,,
frozen vegetables,,,,,,,,,
butter,napkins,curd,other vegetables,whipped/sour cream,ice cream,,,,
shopping bags,ice cream,pastry,napkins,whole milk,,,,,
pork,,,,,,,,,
root vegetables,tropical fruit,hamburger meat,curd,cream cheese,fruit/vegetable juice,,,,
citrus fruit,ice cream,shopping bags,root vegetables,newspapers,pip fruit,,,,
other vegetables,curd,coffee,detergent,,,,,,
bottled water,detergent,napkins,chicken,newspapers,whipped/sour cream,yogurt,,,
detergent,ice cream,brown bread,curd,,,,,,
curd,,,,,,,,,
pork,pastry,,,,,,,,
coffee,margarine,yogurt,whipped/sour cream,shopping bags,other vegetables,curd,ice cream,root vegetables,
whole milk,tropical fruit,shopping bags,chicken,margarine,brown bread,,,,
hamburger meat,detergent,pastry,,,,,,,
other vegetables,bottled water,domestic eggs,margarine,brown bread,rolls/buns,fruit/vegetable juice,,,
whole milk,frozen vegetables,butter,rolls/buns,fruit/vegetable juice,,,,,
napkins,ice cream,rolls/buns,hamburger meat,,,,,,
chicken,curd,bottled water,rolls/buns,,,,,,
tropical fruit,soda,brown bread,pip fruit,pastry,napkins,hamburger meat,,,
curd,pastry,newspapers,chicken,citrus fruit,domestic eggs,,,,
citrus fruit,frozen vegetables,shopping bags,margarine,cream cheese,,,,,
frozen vegetables,other vegetables,whole milk,pork,hamburger meat,pastry,rolls/buns,curd,butter,
shopping bags,ice cream,hamburger meat,newspapers,pip fruit,brown bread,chicken,other vegetables,,
chicken,yogurt,pork,brown bread,tropical fruit,,,,,
bottled water,,,,,,,,,
ice cream,shopping bags,pork,margarine,whole milk,napkins,butter,pastry,detergent,soda
curd,ice cream,,,,,,,,
curd,shopping bags,bottled water,hamburger meat,frozen vegetables,butter,brown bread,coffee,,
other vegetables,newspapers,whole milk,butter,domestic eggs,root vegetables,frozen vegetables,pork,rolls/buns,
pip fruit,,,,,,,,,
sausage,yogurt,domestic eggs,whipped/sour cream,pastry,hamburger meat,fruit/vegetable juice,whole milk,,
rolls/buns,fruit/vegetable juice,detergent,sausage,margarine,,,,,
bottled water,sausage,root vegetables,other vegetables,whipped/sour cream,brown bread,pork,domestic eggs,citrus fruit,
chicken,detergent,hamburger meat,,,,,,,
bottled water,sausage,fruit/vegetable juice,yogurt,root vegetables,citrus fruit,,,,
bottled water,napkins,,,,,,,,
chicken,margarine,curd,napkins,whole milk,fruit/vegetable juice,cream cheese,other vegetables,pork,
newspapers,pork,pastry,coffee,whipped/sour cream,curd,fruit/vegetable juice,,,
margarine,bottled water,tropical fruit,soda,,,,,,
pork,soda,tropical fruit,shopping bags,domestic eggs,other vegetables,coffee,fruit/vegetable juice,margarine,bottled water
ice cream,napkins,root vegetables,,,,,,,
bottled water,brown bread,citrus fruit,whipped/sour cream,coffee,whole milk,curd,rolls/buns,,
domestic eggs,chicken,cream cheese,fruit/vegetable juice,detergent,curd,whole milk,brown bread,,
yogurt,pastry,detergent,bottled water,frozen vegetables,fruit/vegetable juice,napkins,domestic eggs,other vegetables,ice cream
sausage,coffee,hamburger meat,pastry,rolls/buns,chicken,,,,
sausage,whipped/sour cream,fruit/vegetable juice,whole milk,pastry,detergent,pip fruit,margarine,,
citrus fruit,margarine,tropical fruit,napkins,,,,,,
frozen vegetables,newspapers,coffee,rolls/buns,ice cream,margarine,,,,
butter,coffee,ice cream,citrus fruit,newspapers,root vegetables,chicken,whole milk,rolls/buns,
shopping bags,rolls/buns,chicken,root vegetables,frozen vegetables,soda,fruit/vegetable juice,bottled water,detergent,margarine
chicken,pastry,newspapers,butter,citrus fruit,curd,whole milk,other vegetables,domestic eggs,
butter,fruit/vegetable juice,pip fruit,newspapers,chicken,bottled water,root vegetables,pastry,tropical fruit,
brown bread,frozen vegetables,fruit/vegetable juice,tropical fruit,other vegetables,sausage,shopping bags,whipped/sour cream,,
root vegetables,citrus fruit,ice cream,frozen vegetables,chicken,margarine,tropical fruit,newspapers,napkins,curd
fruit/vegetable juice,citrus fruit,pastry,detergent,newspapers,rolls/buns,frozen vegetables,napkins,,
cream cheese,napkins,root vegetables,coffee,,,,,,
soda,yogurt,sausage,curd,detergent,,,,,
frozen vegetables,shopping bags,brown bread,pork,bottled water,fruit/vegetable juice,,,,
yogurt,root vegetables,whipped/sour cream,frozen vegetables,shopping bags,hamburger meat,,,,
butter,pip fruit,sausage,soda,fruit/vegetable juice,bottled water,newspapers,root vegetables,,
sausage,whole milk,root vegetables,,,,,,,
pastry,frozen vegetables,whipped/sour cream,other vegetables,citrus fruit,,,,,
brown bread,,,,,,,,,
margarine,whole milk,,,,,,,,
tropical fruit,bottled water,detergent,yogurt,butter,sausage,,,,
whipped/sour cream,tropical fruit,,,,,,,,
soda,rolls/buns,pastry,brown bread,hamburger meat,sausage,whipped/sour cream,,,
sausage,shopping bags,butter,,,,,,,
cream cheese,ice cream,pip fruit,butter,chicken,newspapers,coffee,,,
butter,fruit/vegetable juice,other vegetables,shopping bags,whole milk,ice cream,,,,
butter,pork,sausage,domestic eggs,margarine,whipped/sour cream,napkins,pip fruit,other vegetables,rolls/buns
frozen vegetables,fruit/vegetable juice,margarine,butter,whole milk,pastry,ice cream,curd,,
napkins,pip fruit,frozen vegetables,ice cream,bottled water,whole milk,margarine,,,
brown bread,frozen vegetables,butter,,,,,,,
coffee,whole milk,fruit/vegetable juice,,,,,,,
root vegetables,coffee,pastry,whole milk,detergent,tropical fruit,rolls/buns,pip fruit,butter,
other vegetables,citrus fruit,yogurt,margarine,brown bread,coffee,pastry,newspapers,chicken,
napkins,root vegetables,whole milk,whipped/sour cream,pastry,ice cream,frozen vegetables,tropical fruit,yogurt,
rolls/buns,root vegetables,whole milk,domestic eggs,tropical fruit,,,,,
chicken,tropical fruit,pork,ice cream,,,,,,
coffee,chicken,,,,,,,,
butter,other vegetables,domestic eggs,coffee,hamburger meat,brown bread,citrus fruit,,,
newspapers,whipped/sour cream,butter,domestic eggs,,,,,,
frozen vegetables,brown bread,curd,fruit/vegetable juice,butter,bottled water,napkins,,,
sausage,root vegetables,,,,,,,,
ice cream,tropical fruit,sausage,newspapers,,,,,,
fruit/vegetable juice,detergent,rolls/buns,pork,,,,,,
tropical fruit,yogurt,chicken,coffee,butter,brown bread,rolls/buns,frozen vegetables,other vegetables,pork
yogurt,napkins,fruit/vegetable juice,bottled water,brown bread,shopping bags,tropical fruit,whipped/sour cream,ice cream,newspapers
pork,,,,,,,,,
bottled water,curd,napkins,newspapers,butter,hamburger meat,sausage,,,
root vegetables,other vegetables,shopping bags,,,,,,,
brown bread,sausage,yogurt,detergent,chicken,cream cheese,,,,
brown bread,pastry,,,,,,,,
chicken,whole milk,rolls/buns,fruit/vegetable juice,,,,,,
curd,pip fruit,rolls/buns,,,,,,,
pork,butter,chicken,,,,,,,
whipped/sour cream,,,,,,,,,
chicken,sausage,curd,yogurt,,,,,,
frozen vegetables,ice cream,soda,cream cheese,bottled water,tropical fruit,coffee,,,
margarine,soda,yogurt,curd,whipped/sour cream,,,,,
brown bread,sausage,domestic eggs,chicken,soda,,,,,
pastry,pip fruit,soda,hamburger meat,root vegetables,sausage,butter,citrus fruit,other vegetables,
citrus fruit,pip fruit,whole milk,rolls/buns,frozen vegetables,shopping bags,,,,
pastry,pork,citrus fruit,fruit/vegetable juice,whipped/sour cream,curd,,,,
margarine,frozen vegetables,hamburger meat,pork,,,,,,
tropical fruit,yogurt,domestic eggs,,,,,,,
shopping bags,hamburger meat,root vegetables,brown bread,pastry,curd,citrus fruit,,,
rolls/buns,chicken,whole milk,,,,,,,
whole milk,margarine,bottled water,chicken,brown bread,pork,,,,
pastry,brown bread,domestic eggs,whipped/sour cream,,,,,,
ice cream,chicken,,,,,,,,
pip fruit,hamburger meat,rolls/buns,napkins,detergent,,,,,
napkins,bottled water,hamburger meat,margarine,,,,,,
newspapers,sausage,whole milk,rolls/buns,frozen vegetables,,,,,
citrus fruit,,,,,,,,,
butter,tropical fruit,rolls/buns,frozen vegetables,margarine,coffee,other vegetables,cream cheese,newspapers,
frozen vegetables,sausage,whole milk,cream cheese,other vegetables,rolls/buns,ice cream,citrus fruit,chicken,brown bread
whole milk,brown bread,pork,,,,,,,
other vegetables,butter,ice cream,whole milk,newspapers,root vegetables,soda,napkins,cream cheese,whipped/sour cream
sausage,bottled water,frozen vegetables,pork,whole milk,citrus fruit,curd,,,
margarine,napkins,cream cheese,chicken,other vegetables,pip fruit,butter,shopping bags,,
fruit/vegetable juice,hamburger meat,detergent,sausage,shopping bags,chicken,newspapers,brown bread,yogurt,
butter,root vegetables,pork,,,,,,,
soda,curd,brown bread,sausage,root vegetables,,,,,
curd,detergent,bottled water,citrus fruit,chicken,margarine,brown bread,,,
napkins,coffee,citrus fruit,hamburger meat,whipped/sour cream,bottled water,whole milk,,,
fruit/vegetable juice,rolls/buns,domestic eggs,citrus fruit,whipped/sour cream,tropical fruit,sausage,frozen vegetables,,
tropical fruit,,,,,,,,,
tropical fruit,fruit/vegetable juice,citrus fruit,whole milk,pip fruit,butter,,,,
citrus fruit,rolls/buns,,,,,,,,
citrus fruit,coffee,,,,,,,,
frozen vegetables,chicken,pip fruit,pork,coffee,other vegetables,tropical fruit,margarine,,
butter,margarine,domestic eggs,detergent,,,,,,
shopping bags,pip fruit,whole milk,,,,,,,
butter,tropical fruit,whipped/sour cream,curd,root vegetables,,,,,
fruit/vegetable juice,citrus fruit,,,,,,,,
rolls/buns,pastry,whipped/sour cream,bottled water,brown bread,root vegetables,hamburger meat,,,
margarine,frozen vegetables,butter,soda,root vegetables,,,,,
fruit/vegetable juice,,,,,,,,,
newspapers,napkins,cream cheese,coffee,root vegetables,hamburger meat,chicken,domestic eggs,,
brown bread,domestic eggs,ice cream,fruit/vegetable juice,newspapers,yogurt,,,,
shopping bags,bottled water,pastry,coffee,sausage,brown bread,pork,,,
whipped/sour cream,,,,,,,,,
pastry,napkins,yogurt,cream cheese,,,,,,
citrus fruit,sausage,,,,,,,,
fruit/vegetable juice,pip fruit,soda,margarine,whole milk,,,,,
pip fruit,whole milk,root vegetables,pork,brown bread,citrus fruit,chicken,newspapers,,
coffee,hamburger meat,shopping bags,bottled water,tropical fruit,margarine,brown bread,domestic eggs,,
soda,yogurt,,,,,,,,
pip fruit,citrus fruit,cream cheese,curd,coffee,ice cream,hamburger meat,bottled water,napkins,
whole milk,whipped/sour cream,fruit/vegetable juice,bottled water,ice cream,yogurt,curd,,,
margarine,sausage,curd,pip fruit,,,,,,
napkins,rolls/buns,pip fruit,,,,,,,
pip fruit,rolls/buns,citrus fruit,bottled water,whipped/sour cream,shopping bags,butter,,,
soda,ice cream,domestic eggs,sausage,fruit/vegetable juice,bottled water,butter,newspapers,root vegetables,
pastry,whole milk,,,,,,,,
citrus fruit,rolls/buns,fruit/vegetable juice,napkins,whipped/sour cream,,,,,
margarine,citrus fruit,pastry,tropical fruit,butter,bottled water,brown bread,ice cream,,
cream cheese,frozen vegetables,bottled water,pip fruit,yogurt,coffee,,,,
frozen vegetables,whole milk,pastry,pip fruit,margarine,rolls/buns,chicken,detergent,tropical fruit,
curd,domestic eggs,pork,napkins,fruit/vegetable juice,,,,,
bottled water,,,,,,,,,
frozen vegetables,,,,,,,,,
tropical fruit,ice cream,domestic eggs,,,,,,,
soda,hamburger meat,,,,,,,,
pork,domestic eggs,curd,margarine,pip fruit,,,,,
detergent,cream cheese,whole milk,,,,,,,
citrus fruit,chicken,,,,,,,,
root vegetables,,,,,,,,,
shopping bags,whipped/sour cream,hamburger meat,sausage,tropical fruit,domestic eggs,citrus fruit,,,
curd,,,,,,,,,
chicken,rolls/buns,whole milk,newspapers,pastry,margarine,detergent,pip fruit,napkins,ice cream
newspapers,curd,yogurt,,,,,,,
soda,fruit/vegetable juice,brown bread,whipped/sour cream,whole milk,rolls/buns,pork,napkins,other vegetables,
yogurt,newspapers,cream cheese,rolls/buns,ice cream,pip fruit,whole milk,frozen vegetables,root vegetables,shopping bags
cream cheese,sausage,margarine,,,,,,,
pip fruit,yogurt,soda,detergent,rolls/buns,root vegetables,,,,
pastry,cream cheese,whipped/sour cream,shopping bags,margarine,,,,,
whipped/sour cream,rolls/buns,,,,,,,,
sausage,fruit/vegetable juice,rolls/buns,newspapers,hamburger meat,,,,,
pork,rolls/buns,domestic eggs,margarine,citrus fruit,newspapers,whole milk,frozen vegetables,whipped/sour cream,coffee
fruit/vegetable juice,frozen vegetables,tropical fruit,brown bread,chicken,,,,,
sausage,shopping bags,pastry,whipped/sour cream,napkins,,,,,
hamburger meat,,,,,,,,,
pork,cream cheese,napkins,other vegetables,hamburger meat,chicken,butter,whipped/sour cream,rolls/buns,whole milk
whole milk,butter,other vegetables,bottled water,brown bread,domestic eggs,detergent,frozen vegetables,,
detergent,butter,cream cheese,sausage,whole milk,ice cream,brown bread,yogurt,root vegetables,pip fruit
shopping bags,napkins,pastry,brown bread,citrus fruit,margarine,sausage,butter,newspapers,coffee
sausage,tropical fruit,shopping bags,,,,,,,
whipped/sour cream,bottled water,domestic eggs,coffee,other vegetables,margarine,soda,,,
cream cheese,other vegetables,butter,pork,napkins,newspapers,soda,,,
coffee,napkins,newspapers,hamburger meat,yogurt,ice cream,bottled water,rolls/buns,curd,shopping bags
brown bread,,,,,,,,,
tropical fruit,,,,,,,,,
newspapers,domestic eggs,hamburger meat,detergent,margarine,curd,,,,
hamburger meat,shopping bags,pork,butter,soda,margarine,sausage,whole milk,pip fruit,
domestic eggs,,,,,,,,,
fruit/vegetable juice,tropical fruit,detergent,frozen vegetables,soda,brown bread,other vegetables,shopping bags,margarine,
soda,chicken,brown bread,hamburger meat,cream cheese,margarine,butter,ice cream,,
coffee,,,,,,,,,
fruit/vegetable juice,hamburger meat,pork,whipped/sour cream,napkins,yogurt,,,,
pastry,citrus fruit,whole milk,rolls/buns,soda,pork,coffee,pip fruit,yogurt,whipped/sour cream
domestic eggs,cream cheese,butter,bottled water,curd,pastry,brown bread,fruit/vegetable juice,,
whole milk,pip fruit,pastry,hamburger meat,chicken,,,,,
hamburger meat,butter,coffee,domestic eggs,fruit/vegetable juice,,,,,
yogurt,domestic eggs,hamburger meat,brown bread,margarine,curd,root vegetables,pastry,frozen vegetables,
curd,brown bread,margarine,tropical fruit,butter,chicken,whole milk,cream cheese,pip fruit,sausage
soda,domestic eggs,hamburger meat,pastry,root vegetables,yogurt,rolls/buns,curd,chicken,whole milk
brown bread,whole milk,rolls/buns,sausage,napkins,,,,,
yogurt,brown bread,pastry,,,,,,,
pork,fruit/vegetable juice,newspapers,whole milk,coffee,pastry,hamburger meat,,,
root vegetables,pork,napkins,hamburger meat,yogurt,whipped/sour cream,pastry,fruit/vegetable juice,frozen vegetables,
whole milk,frozen vegetables,hamburger meat,pip fruit,chicken,,,,,
rolls/buns,ice cream,brown bread,newspapers,cream cheese,,,,,
brown bread,soda,ice cream,citrus fruit,cream cheese,curd,margarine,coffee,,
domestic eggs,ice cream,coffee,newspapers,soda,napkins,bottled water,,,
shopping bags,other vegetables,detergent,coffee,soda,butter,margarine,,,
rolls/buns,shopping bags,newspapers,fruit/vegetable juice,sausage,brown bread,ice cream,tropical fruit,hamburger meat,butter
root vegetables,whole milk,yogurt,,,,,,,
detergent,soda,cream cheese,frozen vegetables,,,,,,
yogurt,pip fruit,root vegetables,domestic eggs,pastry,soda,detergent,coffee,hamburger meat,
citrus fruit,whole milk,sausage,other vegetables,whipped/sour cream,domestic eggs,ice cream,,,
detergent,brown bread,pastry,coffee,tropical fruit,pork,frozen vegetables,cream cheese,other vegetables,shopping bags
other vegetables,,,,,,,,,
cream cheese,,,,,,,,,
fruit/vegetable juice,newspapers,shopping bags,napkins,brown bread,curd,rolls/buns,,,
curd,pastry,brown bread,butter,newspapers,citrus fruit,frozen vegetables,,,
shopping bags,sausage,pastry,cream cheese,bottled water,tropical fruit,brown bread,soda,curd,margarine
fruit/vegetable juice,chicken,whole milk,pork,detergent,tropical fruit,domestic eggs,,,
root vegetables,other vegetables,sausage,brown bread,frozen vegetables,,,,,
sausage,ice cream,domestic eggs,fruit/vegetable juice,,,,,,
detergent,whole milk,sausage,shopping bags,cream cheese,,,,,
citrus fruit,whipped/sour cream,curd,domestic eggs,rolls/buns,,,,,
pork,hamburger meat,detergent,ice cream,napkins,root vegetables,margarine,citrus fruit,other vegetables,
citrus fruit,curd,shopping bags,chicken,butter,,,,,
coffee,ice cream,shopping bags,,,,,,,
frozen vegetables,cream cheese,whole milk,domestic eggs,rolls/buns,soda,ice cream,margarine,,
brown bread,hamburger meat,pork,sausage,napkins,tropical fruit,other vegetables,fruit/vegetable juice,detergent,frozen vegetables
soda,bottled water,,,,,,,,
coffee,pastry,detergent,whole milk,pork,margarine,whipped/sour cream,,,
hamburger meat,detergent,napkins,shopping bags,soda,whole milk,curd,,,
other vegetables,rolls/buns,chicken,whipped/sour cream,,,,,,
other vegetables,,,,,,,,,
ice cream,other vegetables,soda,tropical fruit,rolls/buns,hamburger meat,newspapers,coffee,,
chicken,root vegetables,detergent,,,,,,,
hamburger meat,other vegetables,rolls/buns,ice cream,pork,domestic eggs,pastry,frozen vegetables,root vegetables,margarine
domestic eggs,pork,brown bread,shopping bags,chicken,fruit/vegetable juice,margarine,napkins,,
butter,frozen vegetables,soda,curd,cream cheese,whipped/sour cream,detergent,napkins,,
pork,whipped/sour cream,chicken,pip fruit,whole milk,,,,,
ice cream,coffee,pork,pastry,curd,hamburger meat,newspapers,bottled water,domestic eggs,rolls/buns
napkins,,,,,,,,,
margarine,shopping bags,bottled water,soda,domestic eggs,citrus fruit,,,,
detergent,soda,butter,fruit/vegetable juice,shopping bags,margarine,,,,
frozen vegetables,domestic eggs,root vegetables,chicken,margarine,sausage,yogurt,,,
shopping bags,other vegetables,hamburger meat,rolls/buns,fruit/vegetable juice,,,,,
root vegetables,hamburger meat,,,,,,,,
ice cream,hamburger meat,pork,other vegetables,whipped/sour cream,tropical fruit,sausage,rolls/buns,,
detergent,cream cheese,chicken,pastry,tropical fruit,hamburger meat,sausage,butter,fruit/vegetable juice,
coffee,,,,,,,,,
rolls/buns,butter,cream cheese,pastry,,,,,,
root vegetables,cream cheese,curd,soda,,,,,,
fruit/vegetable juice,citrus fruit,tropical fruit,soda,sausage,pip fruit,pastry,bottled water,cream cheese,
ice cream,margarine,hamburger meat,newspapers,whipped/sour cream,detergent,bottled water,,,
curd,other vegetables,frozen vegetables,bottled water,detergent,,,,,
curd,napkins,frozen vegetables,yogurt,citrus fruit,ice cream,rolls/buns,tropical fruit,,
root vegetables,pip fruit,yogurt,shopping bags,citrus fruit,other vegetables,pork,brown bread,bottled water,newspapers
coffee,whipped/sour cream,ice cream,pip fruit,whole milk,pork,yogurt,citrus fruit,curd,
whipped/sour cream,fruit/vegetable juice,margarine,pip fruit,pastry,coffee,shopping bags,napkins,hamburger meat,
brown bread,fruit/vegetable juice,root vegetables,ice cream,soda,margarine,newspapers,,,
pip fruit,frozen vegetables,butter,yogurt,citrus fruit,hamburger meat,newspapers,whole milk,,
napkins,detergent,,,,,,,,
shopping bags,napkins,tropical fruit,yogurt,chicken,newspapers,,,,
pip fruit,newspapers,other vegetables,curd,root vegetables,brown bread,margarine,coffee,pork,shopping bags
margarine,soda,brown bread,root vegetables,ice cream,detergent,newspapers,sausage,,
curd,whipped/sour cream,chicken,tropical fruit,hamburger meat,frozen vegetables,napkins,,,
brown bread,bottled water,butter,hamburger meat,whipped/sour cream,rolls/buns,shopping bags,,,
newspapers,pip fruit,,,,,,,,
detergent,fruit/vegetable juice,bottled water,shopping bags,pork,tropical fruit,coffee,whipped/sour cream,root vegetables,
pastry,domestic eggs,frozen vegetables,pork,newspapers,napkins,cream cheese,soda,whole milk,
whole milk,root vegetables,margarine,brown bread,pip fruit,,,,,
soda,whipped/sour cream,margarine,napkins,newspapers,,,,,
domestic eggs,,,,,,,,,
fruit/vegetable juice,,,,,,,,,
curd,bottled water,brown bread,pastry,,,,,,
frozen vegetables,,,,,,,,,
fruit/vegetable juice,soda,coffee,rolls/buns,root vegetables,curd,butter,sausage,citrus fruit,
detergent,shopping bags,coffee,,,,,,,
ice cream,domestic eggs,,,,,,,,
soda,other vegetables,pork,napkins,whole milk,margarine,frozen vegetables,fruit/vegetable juice,rolls/buns,tropical fruit
pork,,,,,,,,,
newspapers,tropical fruit,hamburger meat,rolls/buns,coffee,whole milk,frozen vegetables,,,
other vegetables,,,,,,,,,
hamburger meat,ice cream,,,,,,,,
curd,ice cream,detergent,cream cheese,root vegetables,fruit/vegetable juice,domestic eggs,chicken,,
soda,sausage,other vegetables,fruit/vegetable juice,rolls/buns,cream cheese,whipped/sour cream,,,
coffee,fruit/vegetable juice,chicken,shopping bags,bottled water,pastry,rolls/buns,napkins,soda,
pastry,ice cream,,,,,,,,
citrus fruit,hamburger meat,curd,detergent,napkins,domestic eggs,bottled water,shopping bags,,
coffee,frozen vegetables,yogurt,tropical fruit,citrus fruit,root vegetables,cream cheese,butter,margarine,newspapers
citrus fruit,,,,,,,,,
newspapers,brown bread,fruit/vegetable juice,,,,,,,
domestic eggs,,,,,,,,,
domestic eggs,,,,,,,,,
pip fruit,pork,other vegetables,curd,pastry,,,,,
yogurt,fruit/vegetable juice,hamburger meat,shopping bags,chicken,rolls/buns,pip fruit,,,
margarine,frozen vegetables,napkins,newspapers,pip fruit,domestic eggs,,,,
pip fruit,napkins,brown bread,frozen vegetables,rolls/buns,chicken,newspapers,pork,detergent,
cream cheese,soda,rolls/buns,,,,,,,
coffee,margarine,newspapers,bottled water,whole milk,detergent,frozen vegetables,root vegetables,,
detergent,tropical fruit,pastry,fruit/vegetable juice,ice cream,,,,,
shopping bags,ice cream,butter,pork,detergent,yogurt,coffee,brown bread,,
butter,cream cheese,detergent,margarine,napkins,pip fruit,,,,
soda,,,,,,,,,
chicken,rolls/buns,sausage,bottled water,coffee,root vegetables,hamburger meat,,,
whole milk,frozen vegetables,margarine,butter,detergent,hamburger meat,bottled water,root vegetables,shopping bags,
napkins,sausage,butter,citrus fruit,bottled water,brown bread,whole milk,cream cheese,margarine,shopping bags
butter,curd,margarine,frozen vegetables,,,,,,
ice cream,brown bread,other vegetables,,,,,,,
butter,pip fruit,yogurt,,,,,,,
shopping bags,butter,pastry,other vegetables,ice cream,frozen vegetables,brown bread,whole milk,yogurt,
soda,detergent,bottled water,hamburger meat,whipped/sour cream,chicken,curd,root vegetables,,
bottled water,shopping bags,sausage,butter,tropical fruit,root vegetables,napkins,brown bread,,
frozen vegetables,bottled water,fruit/vegetable juice,sausage,tropical fruit,margarine,yogurt,,,
frozen vegetables,cream cheese,fruit/vegetable juice,margarine,domestic eggs,pastry,shopping bags,soda,brown bread,
rolls/buns,newspapers,detergent,butter,tropical fruit,brown bread,sausage,pip fruit,bottled water,chicken
pork,,,,,,,,,
newspapers,napkins,shopping bags,cream cheese,,,,,,
tropical fruit,yogurt,coffee,detergent,rolls/buns,citrus fruit,whole milk,soda,,
yogurt,fruit/vegetable juice,,,,,,,,
margarine,shopping bags,tropical fruit,soda,pip fruit,other vegetables,,,,
pastry,,,,,,,,,
pip fruit,,,,,,,,,
whipped/sour cream,whole milk,newspapers,soda,,,,,,
pork,chicken,hamburger meat,detergent,napkins,sausage,coffee,whipped/sour cream,pastry,shopping bags
hamburger meat,newspapers,sausage,citrus fruit,napkins,whipped/sour cream,soda,coffee,,
bottled water,hamburger meat,brown bread,cream cheese,coffee,domestic eggs,napkins,tropical fruit,fruit/vegetable juice,
coffee,whole milk,chicken,domestic eggs,pastry,butter,napkins,detergent,sausage,
shopping bags,chicken,newspapers,bottled water,napkins,,,,,
hamburger meat,domestic eggs,ice cream,sausage,,,,,,
pork,sausage,fruit/vegetable juice,butter,root vegetables,margarine,yogurt,chicken,hamburger meat,newspapers
fruit/vegetable juice,rolls/buns,brown bread,root vegetables,ice cream,pip fruit,hamburger meat,newspapers,,
tropical fruit,fruit/vegetable juice,pork,yogurt,chicken,,,,,
whipped/sour cream,,,,,,,,,
fruit/vegetable juice,ice cream,napkins,frozen vegetables,pip fruit,other vegetables,yogurt,cream cheese,coffee,
soda,other vegetables,fruit/vegetable juice,brown bread,hamburger meat,coffee,margarine,curd,yogurt,
chicken,pork,hamburger meat,cream cheese,napkins,yogurt,,,,
other vegetables,cream cheese,root vegetables,shopping bags,coffee,bottled water,newspapers,yogurt,tropical fruit,rolls/buns
newspapers,domestic eggs,detergent,soda,coffee,butter,pork,tropical fruit,brown bread,cream cheese
curd,yogurt,sausage,chicken,,,,,,
chicken,napkins,citrus fruit,,,,,,,
newspapers,,,,,,,,,
pip fruit,newspapers,other vegetables,whole milk,soda,butter,root vegetables,,,
chicken,yogurt,napkins,,,,,,,
soda,curd,pip fruit,,,,,,,
citrus fruit,domestic eggs,detergent,butter,brown bread,root vegetables,coffee,cream cheese,whipped/sour cream,chicken
detergent,butter,bottled water,,,,,,,
rolls/buns,whole milk,curd,margarine,,,,,,
whole milk,,,,,,,,,
whipped/sour cream,citrus fruit,pip fruit,pork,napkins,margarine,brown bread,other vegetables,bottled water,rolls/buns
root vegetables,coffee,whole milk,yogurt,shopping bags,other vegetables,,,,
sausage,,,,,,,,,
shopping bags,brown bread,butter,,,,,,,
other vegetables,citrus fruit,bottled water,domestic eggs,brown bread,cream cheese,chicken,napkins,butter,whipped/sour cream
frozen vegetables,,,,,,,,,
frozen vegetables,detergent,hamburger meat,ice cream,,,,,,
pastry,other vegetables,whipped/sour cream,citrus fruit,butter,cream cheese,detergent,ice cream,root vegetables,coffee
frozen vegetables,tropical fruit,butter,napkins,cream cheese,rolls/buns,,,,
citrus fruit,hamburger meat,curd,cream cheese,,,,,,
margarine,ice cream,frozen vegetables,detergent,pork,sausage,coffee,napkins,yogurt,rolls/buns
yogurt,root vegetables,,,,,,,,
shopping bags,frozen vegetables,whipped/sour cream,pip fruit,coffee,soda,domestic eggs,,,
hamburger meat,domestic eggs,shopping bags,butter,chicken,ice cream,pork,napkins,pastry,
frozen vegetables,napkins,tropical fruit,curd,sausage,newspapers,root vegetables,yogurt,,
fruit/vegetable juice,yogurt,chicken,,,,,,,
sausage,cream cheese,soda,shopping bags,hamburger meat,coffee,,,,
curd,domestic eggs,hamburger meat,bottled water,,,,,,
pip fruit,brown bread,whole milk,coffee,napkins,butter,cream cheese,rolls/buns,shopping bags,chicken
curd,rolls/buns,ice cream,napkins,other vegetables,,,,,
domestic eggs,curd,fruit/vegetable juice,rolls/buns,butter,frozen vegetables,detergent,brown bread,,
yogurt,detergent,whipped/sour cream,chicken,,,,,,
coffee,margarine,shopping bags,frozen vegetables,yogurt,butter,bottled water,brown bread,,
whole milk,,,,,,,,,
newspapers,pip fruit,hamburger meat,ice cream,soda,fruit/vegetable juice,detergent,curd,cream cheese,brown bread
ice cream,pip fruit,fruit/vegetable juice,citrus fruit,shopping bags,,,,,
coffee,,,,,,,,,
butter,whipped/sour cream,bottled water,pastry,whole milk,,,,,
tropical fruit,,,,,,,,,
soda,yogurt,pork,hamburger meat,,,,,,
detergent,whole milk,pip fruit,pork,whipped/sour cream,curd,napkins,tropical fruit,chicken,
fruit/vegetable juice,domestic eggs,coffee,soda,pastry,other vegetables,,,,
pork,pastry,domestic eggs,chicken,detergent,,,,,
newspapers,frozen vegetables,other vegetables,pork,,,,,,
hamburger meat,domestic eggs,root vegetables,frozen vegetables,soda,fruit/vegetable juice,cream cheese,napkins,,
other vegetables,citrus fruit,,,,,,,,
cream cheese,shopping bags,whole milk,pip fruit,citrus fruit,fruit/vegetable juice,,,,
pastry,newspapers,curd,whole milk,,,,,,
newspapers,napkins,shopping bags,pork,margarine,whole milk,hamburger meat,cream cheese,,
butter,soda,shopping bags,sausage,margarine,yogurt,whole milk,ice cream,coffee,
chicken,whipped/sour cream,pork,fruit/vegetable juice,pastry,,,,,
detergent,other vegetables,pip fruit,tropical fruit,shopping bags,ice cream,cream cheese,soda,whipped/sour cream,brown bread
pastry,fruit/vegetable juice,detergent,ice cream,whipped/sour cream,shopping bags,butter,whole milk,yogurt,
napkins,,,,,,,,,
shopping bags,rolls/buns,citrus fruit,sausage,domestic eggs,ice cream,pip fruit,coffee,whipped/sour cream,
root vegetables,bottled water,newspapers,pastry,citrus fruit,butter,cream cheese,other vegetables,pip fruit,brown bread
shopping bags,pastry,,,,,,,,
soda,rolls/buns,detergent,other vegetables,pastry,frozen vegetables,citrus fruit,bottled water,whipped/sour cream,chicken
cream cheese,margarine,pork,,,,,,,
yogurt,newspapers,ice cream,,,,,,,
root vegetables,pastry,domestic eggs,citrus fruit,hamburger meat,ice cream,butter,,,
napkins,cream cheese,hamburger meat,whole milk,sausage,chicken,newspapers,whipped/sour cream,fruit/vegetable juice,brown bread
whole milk,brown bread,bottled water,rolls/buns,pip fruit,curd,chicken,,,
sausage,newspapers,ice cream,other vegetables,margarine,tropical fruit,pastry,,,
rolls/buns,brown bread,tropical fruit,curd,fruit/vegetable juice,domestic eggs,yogurt,,,
pip fruit,,,,,,,,,
yogurt,coffee,margarine,sausage,hamburger meat,soda,whole milk,,,
pastry,shopping bags,pip fruit,other vegetables,citrus fruit,,,,,
coffee,detergent,root vegetables,newspapers,whipped/sour cream,shopping bags,,,,
butter,curd,chicken,frozen vegetables,domestic eggs,yogurt,rolls/buns,brown bread,,
domestic eggs,pork,,,,,,,,
pastry,shopping bags,pork,yogurt,,,,,,
pork,margarine,pip fruit,domestic eggs,sausage,tropical fruit,whipped/sour cream,root vegetables,,
napkins,cream cheese,brown bread,tropical fruit,domestic eggs,fruit/vegetable juice,frozen vegetables,pastry,,
other vegetables,napkins,chicken,newspapers,curd,rolls/buns,,,,
coffee,tropical fruit,napkins,whipped/sour cream,newspapers,detergent,chicken,bottled water,,
napkins,sausage,curd,pastry,coffee,pork,,,,
napkins,frozen vegetables,brown bread,tropical fruit,pastry,,,,,
curd,brown bread,tropical fruit,root vegetables,chicken,soda,,,,
pork,,,,,,,,,
whole milk,shopping bags,pork,root vegetables,pip fruit,napkins,whipped/sour cream,curd,brown bread,citrus fruit
shopping bags,ice cream,tropical fruit,butter,,,,,,
butter,whole milk,newspapers,sausage,rolls/buns,hamburger meat,cream cheese,shopping bags,,
root vegetables,coffee,margarine,pip fruit,napkins,fruit/vegetable juice,yogurt,brown bread,shopping bags,tropical fruit
pip fruit,butter,cream cheese,rolls/buns,chicken,whole milk,root vegetables,yogurt,soda,
domestic eggs,root vegetables,detergent,,,,,,,
napkins,domestic eggs,pip fruit,ice cream,,,,,,
pip fruit,rolls/buns,pastry,citrus fruit,cream cheese,yogurt,curd,,,
brown bread,sausage,detergent,tropical fruit,margarine,yogurt,butter,shopping bags,pip fruit,
detergent,shopping bags,soda,butter,cream cheese,,,,,
chicken,root vegetables,cream cheese,,,,,,,
tropical fruit,pastry,whole milk,brown bread,margarine,napkins,other vegetables,hamburger meat,newspapers,
yogurt,coffee,whole milk,,,,,,,
frozen vegetables,ice cream,yogurt,whole milk,chicken,newspapers,coffee,,,
butter,detergent,coffee,margarine,,,,,,
bottled water,hamburger meat,,,,,,,,
brown bread,margarine,other vegetables,napkins,sausage,root vegetables,frozen vegetables,shopping bags,newspapers,cream cheese
butter,,,,,,,,,
frozen vegetables,brown bread,,,,,,,,
sausage,shopping bags,soda,napkins,tropical fruit,other vegetables,cream cheese,detergent,margarine,pip fruit
hamburger meat,bottled water,rolls/buns,brown bread,frozen vegetables,sausage,shopping bags,whipped/sour cream,citrus fruit,ice cream
frozen vegetables,coffee,root vegetables,pip fruit,margarine,hamburger meat,detergent,shopping bags,butter,
curd,sausage,,,,,,,,
root vegetables,citrus fruit,,,,,,,,
cream cheese,ice cream,detergent,domestic eggs,shopping bags,butter,citrus fruit,root vegetables,hamburger meat,
detergent,whole milk,fruit/vegetable juice,shopping bags,root vegetables,hamburger meat,curd,yogurt,rolls/buns,
bottled water,shopping bags,root vegetables,,,,,,,
brown bread,domestic eggs,coffee,pastry,soda,margarine,,,,
root vegetables,curd,frozen vegetables,,,,,,,
bottled water,pork,sausage,margarine,frozen vegetables,yogurt,shopping bags,pip fruit,pastry,
shopping bags,margarine,fruit/vegetable juice,bottled water,newspapers,butter,pork,napkins,ice cream,brown bread
frozen vegetables,bottled water,pastry,root vegetables,,,,,,
domestic eggs,ice cream,detergent,margarine,frozen vegetables,,,,,
sausage,hamburger meat,domestic eggs,citrus fruit,newspapers,,,,,
newspapers,shopping bags,detergent,pip fruit,pastry,chicken,sausage,,,
napkins,,,,,,,,,
fruit/vegetable juice,sausage,hamburger meat,margarine,,,,,,
newspapers,sausage,yogurt,napkins,frozen vegetables,tropical fruit,fruit/vegetable juice,shopping bags,ice cream,
sausage,,,,,,,,,
rolls/buns,napkins,yogurt,tropical fruit,margarine,curd,butter,frozen vegetables,,
chicken,coffee,frozen vegetables,fruit/vegetable juice,,,,,,
cream cheese,shopping bags,brown bread,,,,,,,
napkins,other vegetables,rolls/buns,domestic eggs,newspapers,shopping bags,whole milk,,,
newspapers,other vegetables,root vegetables,soda,,,,,,
curd,tropical fruit,brown bread,,,,,,,
fruit/vegetable juice,cream cheese,butter,newspapers,whole milk,hamburger meat,,,,
coffee,pip fruit,curd,fruit/vegetable juice,whole milk,shopping bags,tropical fruit,butter,domestic eggs,
soda,newspapers,curd,brown bread,butter,whole milk,domestic eggs,yogurt,root vegetables,other vegetables
whipped/sour cream,shopping bags,pastry,curd,bottled water,sausage,,,,
ice cream,fruit/vegetable juice,napkins,whole milk,shopping bags,curd,yogurt,,,
ice cream,napkins,whole milk,hamburger meat,,,,,,
yogurt,bottled water,butter,whipped/sour cream,soda,tropical fruit,ice cream,,,
domestic eggs,napkins,rolls/buns,,,,,,,
shopping bags,ice cream,coffee,curd,pork,pastry,other vegetables,,,
ice cream,fruit/vegetable juice,root vegetables,soda,brown bread,other vegetables,frozen vegetables,cream cheese,yogurt,whole milk
coffee,whole milk,domestic eggs,napkins,newspapers,frozen vegetables,root vegetables,ice cream,chicken,
sausage,root vegetables,citrus fruit,coffee,,,,,,
cream cheese,ice cream,pip fruit,curd,newspapers,brown bread,,,,
bottled water,,,,,,,,,
newspapers,margarine,hamburger meat,whole milk,rolls/buns,ice cream,,,,
yogurt,hamburger meat,,,,,,,,
whipped/sour cream,pip fruit,citrus fruit,cream cheese,newspapers,domestic eggs,napkins,,,
detergent,fruit/vegetable juice,,,,,,,,
whipped/sour cream,pip fruit,,,,,,,,
shopping bags,,,,,,,,,
frozen vegetables,other vegetables,yogurt,sausage,,,,,,
frozen vegetables,rolls/buns,shopping bags,,,,,,,
yogurt,domestic eggs,whipped/sour cream,chicken,,,,,,
pastry,shopping bags,hamburger meat,whipped/sour cream,bottled water,whole milk,margarine,frozen vegetables,cream cheese,citrus fruit
coffee,pastry,yogurt,,,,,,,
citrus fruit,,,,,,,,,
detergent,tropical fruit,bottled water,fruit/vegetable juice,,,,,,
hamburger meat,frozen vegetables,fruit/vegetable juice,other vegetables,butter,,,,,
pip fruit,chicken,bottled water,napkins,pork,sausage,cream cheese,,,
pork,,,,,,,,,
pip fruit,chicken,hamburger meat,ice cream,,,,,,
butter,shopping bags,root vegetables,,,,,,,
sausage,hamburger meat,,,,,,,,
cream cheese,coffee,soda,whipped/sour cream,frozen vegetables,rolls/buns,,,,
other vegetables,ice cream,frozen vegetables,tropical fruit,rolls/buns,sausage,coffee,curd,,
yogurt,root vegetables,butter,ice cream,napkins,citrus fruit,,,,
chicken,tropical fruit,butter,shopping bags,pastry,bottled water,ice cream,whole milk,,
butter,pork,root vegetables,ice cream,citrus fruit,tropical fruit,whole milk,,,
citrus fruit,butter,fruit/vegetable juice,chicken,detergent,shopping bags,whole milk,frozen vegetables,,
frozen vegetables,root vegetables,domestic eggs,pork,pastry,soda,tropical fruit,bottled water,,
newspapers,domestic eggs,coffee,citrus fruit,fruit/vegetable juice,rolls/buns,root vegetables,,,
citrus fruit,,,,,,,,,
margarine,napkins,rolls/buns,fruit/vegetable juice,soda,pip fruit,tropical fruit,pastry,bottled water,other vegetables
pork,fruit/vegetable juice,cream cheese,soda,whipped/sour cream,newspapers,brown bread,shopping bags,yogurt,
newspapers,coffee,butter,root vegetables,chicken,shopping bags,yogurt,,,
rolls/buns,,,,,,,,,
curd,,,,,,,,,
root vegetables,yogurt,,,,,,,,
napkins,hamburger meat,pastry,yogurt,,,,,,
whole milk,,,,,,,,,
soda,pastry,ice cream,fruit/vegetable juice,root vegetables,citrus fruit,other vegetables,,,
brown bread,rolls/buns,sausage,pastry,fruit/vegetable juice,coffee,cream cheese,pip fruit,shopping bags,bottled water
cream cheese,,,,,,,,,
soda,other vegetables,,,,,,,,
detergent,fruit/vegetable juice,citrus fruit,pip fruit,,,,,,
newspapers,soda,,,,,,,,
margarine,pastry,newspapers,rolls/buns,soda,napkins,,,,
chicken,fruit/vegetable juice,curd,whipped/sour cream,margarine,coffee,pastry,detergent,napkins,
chicken,,,,,,,,,
citrus fruit,soda,pip fruit,,,,,,,
ice cream,shopping bags,,,,,,,,
citrus fruit,ice cream,cream cheese,pip fruit,,,,,,
rolls/buns,pastry,,,,,,,,
pastry,shopping bags,pip fruit,napkins,fruit/vegetable juice,pork,sausage,ice cream,curd,brown bread
sausage,cream cheese,brown bread,whipped/sour cream,yogurt,fruit/vegetable juice,rolls/buns,detergent,napkins,
yogurt,brown bread,,,,,,,,
rolls/buns,bottled water,detergent,curd,ice cream,,,,,
rolls/buns,brown bread,frozen vegetables,yogurt,ice cream,citrus fruit,,,,
napkins,newspapers,pork,coffee,other vegetables,,,,,
margarine,curd,yogurt,brown bread,soda,detergent,pip fruit,,,
ice cream,newspapers,hamburger meat,rolls/buns,other vegetables,cream cheese,fruit/vegetable juice,chicken,soda,
butter,frozen vegetables,cream cheese,tropical fruit,pastry,yogurt,citrus fruit,curd,brown bread,rolls/buns
root vegetables,curd,fruit/vegetable juice,soda,,,,,,
detergent,citrus fruit,butter,pip fruit,,,,,,
fruit/vegetable juice,pastry,ice cream,napkins,citrus fruit,,,,,
cream cheese,coffee,newspapers,pip fruit,ice cream,,,,,
brown bread,chicken,pork,root vegetables,detergent,tropical fruit,margarine,whole milk,pastry,fruit/vegetable juice
hamburger meat,sausage,ice cream,whole milk,curd,,,,,
rolls/buns,sausage,hamburger meat,pip fruit,fruit/vegetable juice,frozen vegetables,root vegetables,napkins,,
ice cream,sausage,whole milk,shopping bags,cream cheese,soda,whipped/sour cream,butter,,
curd,tropical fruit,newspapers,,,,,,,
butter,whole milk,hamburger meat,ice cream,detergent,soda,,,,
napkins,soda,hamburger meat,,,,,,,
hamburger meat,whipped/sour cream,chicken,butter,whole milk,fruit/vegetable juice,detergent,newspapers,margarine,curd
butter,frozen vegetables,other vegetables,soda,brown bread,coffee,citrus fruit,root vegetables,newspapers,sausage
pastry,soda,napkins,cream cheese,butter,,,,,
rolls/buns,cream cheese,pip fruit,whipped/sour cream,coffee,fruit/vegetable juice,whole milk,chicken,shopping bags,
whipped/sour cream,citrus fruit,domestic eggs,soda,ice cream,bottled water,shopping bags,pip fruit,detergent,hamburger meat
domestic eggs,curd,frozen vegetables,shopping bags,cream cheese,,,,,
chicken,newspapers,napkins,pip fruit,rolls/buns,margarine,root vegetables,yogurt,,
brown bread,margarine,pork,whole milk,other vegetables,butter,rolls/buns,yogurt,,
bottled water,citrus fruit,margarine,frozen vegetables,,,,,,
soda,coffee,hamburger meat,bottled water,chicken,pork,curd,newspapers,sausage,brown bread
other vegetables,chicken,newspapers,brown bread,whipped/sour cream,napkins,curd,soda,,
yogurt,rolls/buns,whipped/sour cream,,,,,,,
margarine,tropical fruit,whipped/sour cream,cream cheese,other vegetables,pastry,ice cream,newspapers,bottled water,detergent
tropical fruit,whole milk,ice cream,curd,,,,,,
cream cheese,hamburger meat,frozen vegetables,rolls/buns,pip fruit,ice cream,coffee,fruit/vegetable juice,detergent,
frozen vegetables,bottled water,shopping bags,,,,,,,
whipped/sour cream,tropical fruit,shopping bags,,,,,,,
frozen vegetables,bottled water,curd,fruit/vegetable juice,rolls/buns,,,,,
other vegetables,brown bread,whipped/sour cream,domestic eggs,napkins,butter,rolls/buns,yogurt,,
whipped/sour cream,sausage,rolls/buns,,,,,,,
coffee,brown bread,rolls/buns,citrus fruit,frozen vegetables,pip fruit,chicken,pastry,ice cream,
pastry,,,,,,,,,
domestic eggs,margarine,citrus fruit,yogurt,soda,chicken,hamburger meat,root vegetables,,
whipped/sour cream,rolls/buns,,,,,,,,
brown bread,whole milk,hamburger meat,napkins,,,,,,
root vegetables,napkins,pastry,,,,,,,
napkins,cream cheese,whipped/sour cream,bottled water,,,,,,
pip fruit,pastry,bottled water,ice cream,newspapers,,,,,
margarine,tropical fruit,whipped/sour cream,chicken,citrus fruit,rolls/buns,butter,pork,,
pastry,fruit/vegetable juice,butter,,,,,,,
fruit/vegetable juice,sausage,pip fruit,pork,,,,,,
yogurt,,,,,,,,,
rolls/buns,yogurt,pastry,tropical fruit,cream cheese,ice cream,root vegetables,,,
ice cream,root vegetables,,,,,,,,
curd,whipped/sour cream,rolls/buns,pastry,tropical fruit,root vegetables,newspapers,napkins,soda,detergent
butter,ice cream,yogurt,detergent,fruit/vegetable juice,soda,other vegetables,,,
napkins,,,,,,,,,
soda,,,,,,,,,
soda,hamburger meat,,,,,,,,
newspapers,cream cheese,shopping bags,butter,whole milk,pip fruit,bottled water,pork,,
fruit/vegetable juice,domestic eggs,napkins,ice cream,tropical fruit,detergent,,,,
coffee,rolls/buns,butter,margarine,pastry,,,,,
cream cheese,curd,sausage,,,,,,,
curd,root vegetables,shopping bags,soda,pastry,domestic eggs,chicken,tropical fruit,napkins,
citrus fruit,sausage,tropical fruit,yogurt,bottled water,pastry,hamburger meat,,,
sausage,butter,whipped/sour cream,,,,,,,
pork,other vegetables,chicken,,,,,,,
bottled water,tropical fruit,hamburger meat,newspapers,,,,,,
margarine,,,,,,,,,
pork,bottled water,yogurt,other vegetables,whipped/sour cream,root vegetables,,,,
pork,shopping bags,margarine,bottled water,coffee,pip fruit,root vegetables,whipped/sour cream,tropical fruit,brown bread
ice cream,other vegetables,pip fruit,curd,newspapers,napkins,detergent,citrus fruit,,
butter,curd,whole milk,,,,,,,
fruit/vegetable juice,frozen vegetables,sausage,rolls/buns,whipped/sour cream,,,,,
rolls/buns,coffee,pip fruit,bottled water,frozen vegetables,domestic eggs,curd,whole milk,ice cream,napkins
margarine,bottled water,napkins,,,,,,,
whipped/sour cream,,,,,,,,,
domestic eggs,detergent,pork,curd,frozen vegetables,,,,,
detergent,citrus fruit,tropical fruit,pip fruit,,,,,,
ice cream,fruit/vegetable juice,pip fruit,other vegetables,root vegetables,pork,curd,brown bread,chicken,butter
rolls/buns,bottled water,margarine,whole milk,,,,,,
brown bread,detergent,,,,,,,,
cream cheese,yogurt,newspapers,bottled water,domestic eggs,pork,soda,root vegetables,coffee,ice cream
soda,sausage,shopping bags,,,,,,,
pip fruit,cream cheese,other vegetables,ice cream,yogurt,butter,pork,tropical fruit,hamburger meat,citrus fruit
fruit/vegetable juice,other vegetables,frozen vegetables,whole milk,pip fruit,pastry,chicken,margarine,shopping bags,yogurt
margarine,whipped/sour cream,hamburger meat,napkins,,,,,,
curd,,,,,,,,,
bottled water,tropical fruit,ice cream,root vegetables,hamburger meat,whipped/sour cream,brown bread,coffee,domestic eggs,
shopping bags,cream cheese,coffee,margarine,root vegetables,yogurt,butter,,,
sausage,citrus fruit,,,,,,,,
brown bread,pork,chicken,whipped/sour cream,,,,,,
curd,domestic eggs,hamburger meat,citrus fruit,pip fruit,cream cheese,soda,ice cream,,
butter,,,,,,,,,
sausage,domestic eggs,pastry,root vegetables,ice cream,rolls/buns,yogurt,newspapers,soda,
butter,coffee,detergent,newspapers,,,,,,
citrus fruit,rolls/buns,curd,ice cream,pastry,hamburger meat,butter,margarine,coffee,
sausage,other vegetables,newspapers,,,,,,,
butter,frozen vegetables,fruit/vegetable juice,other vegetables,hamburger meat,sausage,pip fruit,coffee,rolls/buns,
chicken,whole milk,citrus fruit,ice cream,napkins,fruit/vegetable juice,shopping bags,curd,hamburger meat,
ice cream,other vegetables,fruit/vegetable juice,domestic eggs,root vegetables,newspapers,whole milk,rolls/buns,hamburger meat,brown bread
bottled water,butter,,,,,,,,
whole milk,,,,,,,,,
pork,hamburger meat,,,,,,,,
whipped/sour cream,yogurt,root vegetables,,,,,,,
cream cheese,margarine,,,,,,,,
pip fruit,newspapers,root vegetables,pastry,ice cream,,,,,
napkins,whipped/sour cream,rolls/buns,frozen vegetables,soda,curd,pork,chicken,pip fruit,
sausage,yogurt,pip fruit,fruit/vegetable juice,curd,,,,,
frozen vegetables,root vegetables,fruit/vegetable juice,butter,sausage,,,,,
frozen vegetables,soda,,,,,,,,
pip fruit,chicken,detergent,butter,citrus fruit,yogurt,napkins,soda,whole milk,
other vegetables,fruit/vegetable juice,frozen vegetables,ice cream,citrus fruit,,,,,
coffee,whipped/sour cream,pastry,pip fruit,,,,,,
newspapers,whole milk,other vegetables,citrus fruit,frozen vegetables,tropical fruit,,,,
frozen vegetables,napkins,hamburger meat,pork,domestic eggs,,,,,
curd,cream cheese,chicken,,,,,,,
margarine,pork,fruit/vegetable juice,,,,,,,
curd,chicken,pip fruit,bottled water,yogurt,,,,,
coffee,brown bread,yogurt,ice cream,soda,whole milk,,,,
curd,frozen vegetables,napkins,detergent,pastry,,,,,
chicken,pork,napkins,tropical fruit,,,,,,
margarine,,,,,,,,,
coffee,whole milk,pork,frozen vegetables,rolls/buns,,,,,
root vegetables,,,,,,,,,
soda,curd,,,,,,,,
newspapers,citrus fruit,shopping bags,hamburger meat,whipped/sour cream,pastry,chicken,root vegetables,rolls/buns,pip fruit
napkins,curd,soda,other vegetables,sausage,detergent,,,,
other vegetables,,,,,,,,,
ice cream,tropical fruit,soda,yogurt,pastry,,,,,
bottled water,detergent,whole milk,other vegetables,coffee,root vegetables,curd,whipped/sour cream,pip fruit,
frozen vegetables,yogurt,coffee,,,,,,,
pork,newspapers,whole milk,chicken,sausage,bottled water,detergent,frozen vegetables,cream cheese,
pastry,detergent,soda,root vegetables,chicken,fruit/vegetable juice,,,,
butter,pastry,detergent,whipped/sour cream,margarine,tropical fruit,fruit/vegetable juice,curd,napkins,citrus fruit
shopping bags,fruit/vegetable juice,cream cheese,,,,,,,
rolls/buns,domestic eggs,cream cheese,,,,,,,
other vegetables,root vegetables,coffee,,,,,,,
pastry,,,,,,,,,
detergent,cream cheese,citrus fruit,coffee,whipped/sour cream,,,,,
ice cream,frozen vegetables,yogurt,citrus fruit,butter,chicken,,,,
detergent,newspapers,brown bread,shopping bags,yogurt,frozen vegetables,,,,
bottled water,coffee,frozen vegetables,chicken,curd,detergent,shopping bags,,,
root vegetables,curd,soda,tropical fruit,,,,,,
bottled water,other vegetables,whipped/sour cream,pip fruit,napkins,,,,,
pip fruit,curd,coffee,newspapers,chicken,,,,,
shopping bags,whipped/sour cream,yogurt,curd,soda,pork,other vegetables,tropical fruit,domestic eggs,
napkins,pork,,,,,,,,
yogurt,ice cream,curd,hamburger meat,domestic eggs,shopping bags,,,,
brown bread,ice cream,pip fruit,root vegetables,newspapers,soda,sausage,yogurt,,
detergent,soda,frozen vegetables,root vegetables,fruit/vegetable juice,whole milk,,,,
hamburger meat,pork,detergent,,,,,,,
fruit/vegetable juice,cream cheese,citrus fruit,sausage,chicken,brown bread,detergent,pork,whole milk,
other vegetables,sausage,coffee,soda,pork,,,,,
tropical fruit,frozen vegetables,yogurt,pastry,shopping bags,,,,,
domestic eggs,,,,,,,,,
butter,whipped/sour cream,other vegetables,,,,,,,
tropical fruit,whipped/sour cream,pip fruit,margarine,hamburger meat,frozen vegetables,sausage,curd,butter,brown bread
sausage,cream cheese,,,,,,,,
coffee,soda,cream cheese,hamburger meat,chicken,butter,root vegetables,yogurt,,
rolls/buns,sausage,brown bread,,,,,,,
rolls/buns,butter,soda,pip fruit,domestic eggs,whipped/sour cream,yogurt,napkins,,
rolls/buns,curd,soda,cream cheese,,,,,,
margarine,brown bread,fruit/vegetable juice,soda,,,,,,
fruit/vegetable juice,napkins,frozen vegetables,,,,,,,
citrus fruit,,,,,,,,,
hamburger meat,cream cheese,margarine,napkins,pastry,pork,curd,other vegetables,,
margarine,bottled water,domestic eggs,root vegetables,shopping bags,,,,,
sausage,,,,,,,,,
pastry,chicken,curd,fruit/vegetable juice,tropical fruit,frozen vegetables,,,,
curd,pastry,newspapers,whipped/sour cream,tropical fruit,detergent,,,,
margarine,,,,,,,,,
napkins,soda,citrus fruit,whole milk,detergent,,,,,
napkins,yogurt,curd,frozen vegetables,chicken,margarine,root vegetables,,,
rolls/buns,frozen vegetables,newspapers,napkins,pastry,other vegetables,yogurt,whole milk,shopping bags,
yogurt,rolls/buns,butter,detergent,tropical fruit,,,,,
pork,butter,newspapers,coffee,,,,,,
fruit/vegetable juice,ice cream,citrus fruit,detergent,,,,,,
chicken,hamburger meat,,,,,,,,
root vegetables,hamburger meat,domestic eggs,brown bread,whipped/sour cream,detergent,,,,
rolls/buns,shopping bags,ice cream,curd,newspapers,,,,,
frozen vegetables,pork,butter,detergent,coffee,soda,margarine,citrus fruit,,
curd,pastry,coffee,cream cheese,domestic eggs,brown bread,butter,,,
pip fruit,cream cheese,,,,,,,,
curd,,,,,,,,,
other vegetables,frozen vegetables,whole milk,yogurt,brown bread,,,,,
rolls/buns,napkins,domestic eggs,whole milk,newspapers,soda,ice cream,whipped/sour cream,root vegetables,other vegetables
domestic eggs,margarine,,,,,,,,
citrus fruit,hamburger meat,napkins,bottled water,brown bread,curd,frozen vegetables,whipped/sour cream,detergent,
chicken,ice cream,pork,hamburger meat,cream cheese,,,,,
other vegetables,newspapers,,,,,,,,
root vegetables,pork,ice cream,domestic eggs,detergent,curd,chicken,margarine,tropical fruit,
pork,bottled water,,,,,,,,
chicken,root vegetables,,,,,,,,
soda,detergent,,,,,,,,
pastry,hamburger meat,citrus fruit,butter,frozen vegetables,whipped/sour cream,,,,
shopping bags,domestic eggs,tropical fruit,butter,whipped/sour cream,citrus fruit,,,,
newspapers,butter,other vegetables,whipped/sour cream,soda,citrus fruit,pip fruit,curd,,
hamburger meat,cream cheese,pip fruit,citrus fruit,butter,sausage,rolls/buns,domestic eggs,,
pork,,,,,,,,,
yogurt,shopping bags,brown bread,chicken,butter,coffee,tropical fruit,whole milk,,
citrus fruit,root vegetables,yogurt,pork,detergent,,,,,
frozen vegetables,chicken,shopping bags,other vegetables,hamburger meat,tropical fruit,detergent,,,
shopping bags,fruit/vegetable juice,domestic eggs,yogurt,pastry,margarine,newspapers,,,
whole milk,frozen vegetables,chicken,citrus fruit,detergent,napkins,,,,
butter,whole milk,margarine,fruit/vegetable juice,napkins,tropical fruit,shopping bags,cream cheese,,
citrus fruit,newspapers,margarine,other vegetables,rolls/buns,shopping bags,,,,
fruit/vegetable juice,cream cheese,citrus fruit,brown bread,chicken,yogurt,,,,
sausage,,,,,,,,,
root vegetables,,,,,,,,,
chicken,detergent,,,,,,,,
pastry,sausage,,,,,,,,
soda,chicken,sausage,citrus fruit,pork,curd,brown bread,pastry,,
yogurt,fruit/vegetable juice,shopping bags,whole milk,pastry,cream cheese,rolls/buns,,,
bottled water,butter,fruit/vegetable juice,napkins,ice cream,frozen vegetables,newspapers,yogurt,shopping bags,hamburger meat
bottled water,,,,,,,,,
ice cream,citrus fruit,hamburger meat,frozen vegetables,coffee,napkins,,,,
bottled water,detergent,pastry,cream cheese,other vegetables,whipped/sour cream,margarine,root vegetables,,
rolls/buns,hamburger meat,napkins,whipped/sour cream,soda,brown bread,butter,citrus fruit,bottled water,
rolls/buns,pastry,margarine,chicken,yogurt,newspapers,,,,
citrus fruit,hamburger meat,sausage,ice cream,soda,bottled water,,,,
fruit/vegetable juice,brown bread,margarine,detergent,,,,,,
shopping bags,cream cheese,other vegetables,,,,,,,
root vegetables,pork,fruit/vegetable juice,hamburger meat,newspapers,whole milk,,,,
brown bread,other vegetables,tropical fruit,shopping bags,pastry,newspapers,hamburger meat,citrus fruit,,
ice cream,tropical fruit,frozen vegetables,brown bread,fruit/vegetable juice,hamburger meat,shopping bags,,,
yogurt,cream cheese,shopping bags,,,,,,,
root vegetables,domestic eggs,tropical fruit,hamburger meat,margarine,brown bread,chicken,sausage,shopping bags,
napkins,pork,sausage,citrus fruit,,,,,,
pork,other vegetables,chicken,,,,,,,
detergent,whole milk,pastry,pip fruit,napkins,coffee,tropical fruit,rolls/buns,yogurt,
shopping bags,domestic eggs,whole milk,hamburger meat,sausage,cream cheese,pastry,yogurt,pork,fruit/vegetable juice
other vegetables,sausage,ice cream,,,,,,,
brown bread,fruit/vegetable juice,margarine,,,,,,,
bottled water,brown bread,whipped/sour cream,detergent,coffee,,,,,
ice cream,newspapers,domestic eggs,,,,,,,
pip fruit,butter,domestic eggs,,,,,,,
frozen vegetables,root vegetables,pork,chicken,curd,hamburger meat,whipped/sour cream,ice cream,soda,newspapers
frozen vegetables,pork,margarine,citrus fruit,,,,,,
pork,sausage,yogurt,fruit/vegetable juice,citrus fruit,detergent,,,,
tropical fruit,other vegetables,margarine,whole milk,napkins,rolls/buns,,,,
bottled water,newspapers,coffee,detergent,,,,,,
detergent,chicken,,,,,,,,
pastry,coffee,yogurt,domestic eggs,hamburger meat,napkins,,,,
pip fruit,whole milk,pastry,fruit/vegetable juice,shopping bags,butter,pork,napkins,yogurt,
ice cream,other vegetables,tropical fruit,fruit/vegetable juice,butter,chicken,rolls/buns,cream cheese,pip fruit,coffee
curd,sausage,coffee,hamburger meat,chicken,pastry,whipped/sour cream,other vegetables,,
detergent,tropical fruit,pork,citrus fruit,newspapers,other vegetables,bottled water,pastry,,
frozen vegetables,other vegetables,pip fruit,,,,,,,
butter,bottled water,citrus fruit,other vegetables,napkins,shopping bags,rolls/buns,cream cheese,fruit/vegetable juice,
bottled water,frozen vegetables,napkins,fruit/vegetable juice,ice cream,hamburger meat,other vegetables,whipped/sour cream,tropical fruit,
citrus fruit,soda,pastry,brown bread,coffee,curd,bottled water,,,
bottled water,fruit/vegetable juice,detergent,,,,,,,
fruit/vegetable juice,newspapers,whole milk,tropical fruit,ice cream,other vegetables,curd,,,
coffee,root vegetables,fruit/vegetable juice,cream cheese,newspapers,,,,,
cream cheese,domestic eggs,hamburger meat,coffee,soda,fruit/vegetable juice,pork,other vegetables,shopping bags,napkins
chicken,margarine,detergent,,,,,,,
newspapers,pip fruit,cream cheese,domestic eggs,citrus fruit,other vegetables,,,,
newspapers,root vegetables,shopping bags,,,,,,,
pork,margarine,brown bread,domestic eggs,pip fruit,,,,,
whipped/sour cream,chicken,pastry,,,,,,,
butter,soda,curd,domestic eggs,citrus fruit,margarine,pastry,,,
other vegetables,margarine,bottled water,cream cheese,tropical fruit,,,,,
whole milk,shopping bags,,,,,,,,
fruit/vegetable juice,pastry,pork,shopping bags,newspapers,frozen vegetables,,,,
rolls/buns,butter,brown bread,,,,,,,
root vegetables,hamburger meat,margarine,butter,yogurt,napkins,citrus fruit,domestic eggs,,
curd,pip fruit,whipped/sour cream,other vegetables,cream cheese,citrus fruit,margarine,,,
margarine,coffee,domestic eggs,shopping bags,whipped/sour cream,bottled water,fruit/vegetable juice,,,
butter,curd,brown bread,margarine,whipped/sour cream,other vegetables,,,,
tropical fruit,pastry,root vegetables,,,,,,,
ice cream,pastry,pip fruit,butter,hamburger meat,,,,,
brown bread,frozen vegetables,margarine,other vegetables,detergent,hamburger meat,fruit/vegetable juice,,,
root vegetables,hamburger meat,,,,,,,,
ice cream,butter,root vegetables,margarine,newspapers,curd,whole milk,detergent,coffee,
fruit/vegetable juice,domestic eggs,napkins,ice cream,sausage,frozen vegetables,coffee,whole milk,detergent,
citrus fruit,frozen vegetables,shopping bags,whole milk,tropical fruit,butter,domestic eggs,,,
soda,frozen vegetables,coffee,whole milk,other vegetables,,,,,
pip fruit,butter,detergent,citrus fruit,root vegetables,sausage,,,,
bottled water,,,,,,,,,
butter,,,,,,,,,
tropical fruit,,,,,,,,,
frozen vegetables,brown bread,cream cheese,detergent,newspapers,whipped/sour cream,root vegetables,pip fruit,,
tropical fruit,pip fruit,yogurt,rolls/buns,,,,,,
whole milk,yogurt,pork,fruit/vegetable juice,,,,,,
shopping bags,whole milk,rolls/buns,sausage,curd,pork,pastry,ice cream,,
fruit/vegetable juice,butter,citrus fruit,hamburger meat,soda,newspapers,other vegetables,chicken,,
pastry,tropical fruit,cream cheese,frozen vegetables,ice cream,root vegetables,coffee,,,
cream cheese,shopping bags,,,,,,,,
hamburger meat,cream cheese,bottled water,rolls/buns,coffee,shopping bags,brown bread,newspapers,whipped/sour cream,margarine
tropical fruit,pip fruit,sausage,chicken,hamburger meat,,,,,
pork,citrus fruit,soda,frozen vegetables,brown bread,butter,cream cheese,,,
sausage,soda,whole milk,tropical fruit,,,,,,
pork,tropical fruit,root vegetables,sausage,other vegetables,brown bread,newspapers,,,
newspapers,pork,brown bread,,,,,,,
pip fruit,brown bread,other vegetables,coffee,ice cream,newspapers,bottled water,whole milk,,
root vegetables,shopping bags,citrus fruit,,,,,,,
napkins,rolls/buns,brown bread,,,,,,,
chicken,napkins,yogurt,pip fruit,,,,,,
rolls/buns,,,,,,,,,
pastry,shopping bags,pip fruit,rolls/buns,whole milk,brown bread,margarine,citrus fruit,coffee,
chicken,whipped/sour cream,pip fruit,brown bread,other vegetables,frozen vegetables,,,,
citrus fruit,frozen vegetables,other vegetables,sausage,chicken,whipped/sour cream,root vegetables,curd,yogurt,
pastry,chicken,butter,frozen vegetables,fruit/vegetable juice,detergent,newspapers,shopping bags,whipped/sour cream,brown bread
margarine,root vegetables,,,,,,,,
pastry,whipped/sour cream,coffee,brown bread,curd,ice cream,frozen vegetables,pip fruit,domestic eggs,
bottled water,hamburger meat,,,,,,,,
whipped/sour cream,butter,chicken,ice cream,root vegetables,,,,,
pip fruit,,,,,,,,,
root vegetables,tropical fruit,shopping bags,cream cheese,sausage,domestic eggs,chicken,pork,ice cream,rolls/buns
chicken,pip fruit,soda,yogurt,tropical fruit,pastry,pork,fruit/vegetable juice,other vegetables,
frozen vegetables,bottled water,curd,shopping bags,yogurt,pastry,butter,,,
soda,citrus fruit,domestic eggs,curd,,,,,,
soda,coffee,,,,,,,,
soda,sausage,tropical fruit,frozen vegetables,rolls/buns,chicken,newspapers,domestic eggs,shopping bags,
citrus fruit,root vegetables,soda,cream cheese,curd,ice cream,pastry,shopping bags,brown bread,
sausage,detergent,other vegetables,bottled water,butter,shopping bags,curd,pip fruit,,
chicken,pork,newspapers,pastry,whipped/sour cream,shopping bags,tropical fruit,other vegetables,citrus fruit,
sausage,fruit/vegetable juice,ice cream,citrus fruit,curd,rolls/buns,newspapers,,,
soda,brown bread,fruit/vegetable juice,frozen vegetables,ice cream,sausage,,,,
frozen vegetables,tropical fruit,ice cream,soda,napkins,fruit/vegetable juice,domestic eggs,,,
yogurt,napkins,tropical fruit,pip fruit,,,,,,
coffee,butter,yogurt,whipped/sour cream,domestic eggs,pastry,hamburger meat,,,
bottled water,detergent,whipped/sour cream,napkins,whole milk,shopping bags,rolls/buns,,,
cream cheese,fruit/vegetable juice,curd,ice cream,citrus fruit,pork,soda,,,
whole milk,yogurt,brown bread,rolls/buns,tropical fruit,napkins,other vegetables,curd,,
domestic eggs,citrus fruit,pork,whole milk,,,,,,
soda,tropical fruit,frozen vegetables,fruit/vegetable juice,whole milk,citrus fruit,bottled water,butter,coffee,
root vegetables,ice cream,hamburger meat,detergent,curd,pip fruit,,,,
ice cream,newspapers,sausage,yogurt,,,,,,
tropical fruit,citrus fruit,soda,cream cheese,ice cream,hamburger meat,pip fruit,,,
other vegetables,butter,coffee,hamburger meat,cream cheese,domestic eggs,curd,pork,,
newspapers,,,,,,,,,
newspapers,,,,,,,,,
yogurt,pork,curd,fruit/vegetable juice,margarine,napkins,cream cheese,whipped/sour cream,,
cream cheese,soda,frozen vegetables,whole milk,domestic eggs,other vegetables,shopping bags,,,
bottled water,butter,ice cream,,,,,,,
brown bread,sausage,pork,detergent,shopping bags,,,,,
whipped/sour cream,curd,chicken,citrus fruit,,,,,,
coffee,soda,newspapers,napkins,citrus fruit,root vegetables,curd,other vegetables,detergent,
hamburger meat,pip fruit,pastry,butter,root vegetables,other vegetables,napkins,chicken,,
brown bread,domestic eggs,,,,,,,,
sausage,coffee,bottled water,cream cheese,butter,fruit/vegetable juice,margarine,soda,whipped/sour cream,yogurt
detergent,napkins,shopping bags,coffee,tropical fruit,hamburger meat,whipped/sour cream,butter,chicken,
butter,frozen vegetables,coffee,bottled water,yogurt,,,,,
ice cream,shopping bags,rolls/buns,pastry,whole milk,napkins,curd,sausage,,
pork,hamburger meat,shopping bags,detergent,curd,brown bread,coffee,rolls/buns,frozen vegetables,
frozen vegetables,tropical fruit,domestic eggs,butter,,,,,,
sausage,napkins,bottled water,yogurt,pip fruit,ice cream,chicken,pork,,
citrus fruit,other vegetables,whole milk,pip fruit,bottled water,butter,sausage,pastry,root vegetables,
sausage,napkins,curd,,,,,,,
detergent,,,,,,,,,
yogurt,,,,,,,,,
cream cheese,hamburger meat,sausage,curd,fruit/vegetable juice,pork,,,,
tropical fruit,curd,,,,,,,,
coffee,,,,,,,,,
coffee,butter,hamburger meat,other vegetables,soda,napkins,yogurt,root vegetables,,
chicken,sausage,citrus fruit,detergent,,,,,,
whipped/sour cream,,,,,,,,,
other vegetables,shopping bags,sausage,cream cheese,,,,,,
hamburger meat,whole milk,whipped/sour cream,,,,,,,
ice cream,hamburger meat,bottled water,shopping bags,tropical fruit,whole milk,yogurt,brown bread,margarine,
detergent,soda,butter,newspapers,bottled water,domestic eggs,chicken,hamburger meat,,
shopping bags,coffee,,,,,,,,
domestic eggs,ice cream,butter,newspapers,napkins,rolls/buns,soda,,,
other vegetables,,,,,,,,,
tropical fruit,,,,,,,,,
whole milk,sausage,whipped/sour cream,brown bread,chicken,,,,,
shopping bags,curd,,,,,,,,
other vegetables,cream cheese,frozen vegetables,chicken,brown bread,soda,pip fruit,ice cream,coffee,fruit/vegetable juice
rolls/buns,detergent,brown bread,,,,,,,
chicken,brown bread,margarine,domestic eggs,napkins,pip fruit,shopping bags,hamburger meat,,
pork,yogurt,margarine,curd,,,,,,
pork,whole milk,ice cream,butter,,,,,,
chicken,ice cream,frozen vegetables,,,,,,,
coffee,shopping bags,citrus fruit,pastry,,,,,,
domestic eggs,chicken,ice cream,whole milk,pip fruit,whipped/sour cream,other vegetables,curd,,
curd,shopping bags,frozen vegetables,fruit/vegetable juice,detergent,napkins,,,,
root vegetables,frozen vegetables,cream cheese,pastry,,,,,,
pastry,napkins,sausage,coffee,,,,,,
yogurt,whole milk,curd,napkins,frozen vegetables,rolls/buns,ice cream,brown bread,pip fruit,
napkins,margarine,other vegetables,,,,,,,
ice cream,butter,pip fruit,soda,,,,,,
tropical fruit,brown bread,shopping bags,bottled water,fruit/vegetable juice,domestic eggs,yogurt,citrus fruit,newspapers,
rolls/buns,soda,sausage,root vegetables,ice cream,,,,,
root vegetables,chicken,pip fruit,tropical fruit,,,,,,
coffee,chicken,sausage,pip fruit,root vegetables,cream cheese,frozen vegetables,,,
pip fruit,pork,root vegetables,,,,,,,
brown bread,other vegetables,napkins,pastry,fruit/vegetable juice,butter,sausage,,,
citrus fruit,chicken,napkins,curd,frozen vegetables,,,,,
pork,margarine,coffee,,,,,,,
domestic eggs,ice cream,cream cheese,napkins,soda,root vegetables,whipped/sour cream,,,
newspapers,citrus fruit,,,,,,,,
newspapers,butter,hamburger meat,ice cream,margarine,frozen vegetables,tropical fruit,soda,sausage,
hamburger meat,shopping bags,soda,,,,,,,
detergent,root vegetables,soda,coffee,margarine,pastry,rolls/buns,,,
rolls/buns,ice cream,margarine,detergent,frozen vegetables,domestic eggs,citrus fruit,curd,other vegetables,
citrus fruit,,,,,,,,,
fruit/vegetable juice,rolls/buns,whipped/sour cream,hamburger meat,ice cream,bottled water,soda,,,
chicken,root vegetables,fruit/vegetable juice,,,,,,,
pip fruit,,,,,,,,,
pastry,brown bread,domestic eggs,curd,,,,,,
pork,curd,root vegetables,whipped/sour cream,pip fruit,sausage,domestic eggs,citrus fruit,chicken,newspapers
whipped/sour cream,bottled water,shopping bags,detergent,hamburger meat,frozen vegetables,domestic eggs,butter,margarine,
yogurt,sausage,butter,fruit/vegetable juice,,,,,,
curd,,,,,,,,,
shopping bags,tropical fruit,yogurt,,,,,,,
coffee,shopping bags,rolls/buns,bottled water,margarine,sausage,frozen vegetables,,,
cream cheese,,,,,,,,,
yogurt,,,,,,,,,
shopping bags,newspapers,rolls/buns,frozen vegetables,coffee,pip fruit,tropical fruit,cream cheese,,
coffee,detergent,,,,,,,,
shopping bags,frozen vegetables,ice cream,,,,,,,
cream cheese,,,,,,,,,
rolls/buns,curd,root vegetables,pork,whole milk,margarine,,,,
butter,tropical fruit,,,,,,,,
napkins,tropical fruit,detergent,rolls/buns,pork,brown bread,,,,
fruit/vegetable juice,pork,,,,,,,,
margarine,bottled water,other vegetables,soda,domestic eggs,butter,yogurt,rolls/buns,shopping bags,
cream cheese,curd,margarine,detergent,yogurt,other vegetables,frozen vegetables,hamburger meat,pastry,
shopping bags,,,,,,,,,
detergent,cream cheese,napkins,bottled water,hamburger meat,,,,,
pork,sausage,pip fruit,ice cream,,,,,,
soda,chicken,margarine,pip fruit,hamburger meat,sausage,frozen vegetables,,,
whole milk,coffee,pastry,yogurt,detergent,brown bread,butter,,,
detergent,whole milk,pork,citrus fruit,margarine,,,,,
napkins,pastry,whole milk,coffee,other vegetables,citrus fruit,sausage,tropical fruit,,
coffee,pastry,domestic eggs,,,,,,,
curd,pork,whipped/sour cream,fruit/vegetable juice,soda,hamburger meat,,,,
coffee,pip fruit,other vegetables,newspapers,whole milk,margarine,yogurt,fruit/vegetable juice,brown bread,
pork,pip fruit,butter,margarine,,,,,,
cream cheese,shopping bags,,,,,,,,
other vegetables,pork,margarine,domestic eggs,cream cheese,whipped/sour cream,,,,
newspapers,bottled water,whole milk,hamburger meat,coffee,curd,ice cream,margarine,,
yogurt,sausage,ice cream,pork,whole milk,,,,,
sausage,,,,,,,,,
pastry,rolls/buns,shopping bags,pip fruit,chicken,newspapers,detergent,coffee,brown bread,napkins
other vegetables,pork,,,,,,,,
bottled water,chicken,napkins,curd,other vegetables,,,,,
citrus fruit,frozen vegetables,soda,,,,,,,
frozen vegetables,whipped/sour cream,chicken,yogurt,citrus fruit,pip fruit,shopping bags,ice cream,bottled water,curd
soda,newspapers,frozen vegetables,root vegetables,tropical fruit,coffee,citrus fruit,other vegetables,rolls/buns,chicken
yogurt,other vegetables,brown bread,bottled water,coffee,whipped/sour cream,,,,
pip fruit,newspapers,butter,bottled water,margarine,tropical fruit,detergent,rolls/buns,shopping bags,
newspapers,napkins,fruit/vegetable juice,pastry,tropical fruit,frozen vegetables,other vegetables,pip fruit,,
yogurt,rolls/buns,pastry,tropical fruit,butter,cream cheese,pork,detergent,frozen vegetables,
frozen vegetables,other vegetables,citrus fruit,pastry,detergent,domestic eggs,hamburger meat,,,
whole milk,pastry,coffee,newspapers,domestic eggs,,,,,
chicken,other vegetables,bottled water,coffee,whole milk,,,,,
detergent,rolls/buns,,,,,,,,
butter,,,,,,,,,
curd,hamburger meat,bottled water,,,,,,,
sausage,margarine,newspapers,pastry,pip fruit,cream cheese,chicken,tropical fruit,whole milk,
brown bread,whipped/sour cream,tropical fruit,other vegetables,rolls/buns,citrus fruit,butter,root vegetables,whole milk,pip fruit
other vegetables,ice cream,shopping bags,rolls/buns,pastry,chicken,curd,cream cheese,citrus fruit,domestic eggs
domestic eggs,margarine,coffee,,,,,,,
napkins,,,,,,,,,
butter,hamburger meat,sausage,pastry,,,,,,
pastry,newspapers,domestic eggs,,,,,,,
domestic eggs,frozen vegetables,pork,shopping bags,,,,,,
newspapers,fruit/vegetable juice,chicken,cream cheese,bottled water,tropical fruit,brown bread,napkins,shopping bags,
root vegetables,pastry,margarine,coffee,curd,butter,,,,
sausage,,,,,,,,,
bottled water,fruit/vegetable juice,napkins,domestic eggs,pip fruit,hamburger meat,curd,,,
detergent,bottled water,,,,,,,,
whole milk,ice cream,frozen vegetables,pastry,,,,,,
ice cream,butter,coffee,newspapers,,,,,,
detergent,newspapers,bottled water,rolls/buns,yogurt,butter,domestic eggs,,,
cream cheese,margarine,sausage,whipped/sour cream,,,,,,
other vegetables,root vegetables,coffee,fruit/vegetable juice,whipped/sour cream,,,,,
newspapers,soda,,,,,,,,
detergent,chicken,rolls/buns,newspapers,bottled water,,,,,
ice cream,pork,whole milk,coffee,frozen vegetables,,,,,
chicken,margarine,coffee,shopping bags,domestic eggs,pork,fruit/vegetable juice,,,
cream cheese,bottled water,coffee,tropical fruit,shopping bags,yogurt,,,,
pip fruit,,,,,,,,,
pip fruit,frozen vegetables,chicken,hamburger meat,cream cheese,whipped/sour cream,pastry,sausage,soda,
fruit/vegetable juice,coffee,rolls/buns,napkins,,,,,,
chicken,pork,napkins,whipped/sour cream,detergent,fruit/vegetable juice,root vegetables,pastry,,
napkins,,,,,,,,,
hamburger meat,soda,chicken,rolls/buns,coffee,shopping bags,,,,
frozen vegetables,yogurt,newspapers,curd,whole milk,chicken,sausage,brown bread,bottled water,root vegetables
butter,,,,,,,,,
shopping bags,pastry,newspapers,butter,whole milk,soda,root vegetables,,,
pork,chicken,,,,,,,,
domestic eggs,hamburger meat,frozen vegetables,newspapers,curd,pastry,ice cream,whipped/sour cream,,
pastry,frozen vegetables,tropical fruit,shopping bags,,,,,,
rolls/buns,pork,coffee,brown bread,yogurt,ice cream,,,,
coffee,sausage,yogurt,,,,,,,
domestic eggs,,,,,,,,,
newspapers,brown bread,citrus fruit,tropical fruit,,,,,,
detergent,napkins,domestic eggs,margarine,cream cheese,butter,pip fruit,curd,shopping bags,hamburger meat
detergent,citrus fruit,,,,,,,,
frozen vegetables,yogurt,hamburger meat,whole milk,butter,pork,whipped/sour cream,,,
margarine,,,,,,,,,
brown bread,,,,,,,,,
whole milk,root vegetables,coffee,pork,yogurt,shopping bags,rolls/buns,sausage,newspapers,whipped/sour cream
shopping bags,fruit/vegetable juice,detergent,bottled water,pastry,tropical fruit,,,,
shopping bags,,,,,,,,,
cream cheese,pastry,newspapers,rolls/buns,whole milk,margarine,ice cream,pork,pip fruit,
napkins,other vegetables,fruit/vegetable juice,pork,,,,,,
shopping bags,sausage,brown bread,fruit/vegetable juice,soda,,,,,
chicken,pork,,,,,,,,
tropical fruit,butter,soda,curd,,,,,,
tropical fruit,butter,root vegetables,ice cream,,,,,,
root vegetables,pastry,whole milk,napkins,coffee,brown bread,fruit/vegetable juice,chicken,,
frozen vegetables,detergent,fruit/vegetable juice,cream cheese,yogurt,domestic eggs,pip fruit,,,
rolls/buns,margarine,yogurt,,,,,,,
fruit/vegetable juice,frozen vegetables,,,,,,,,
curd,whole milk,,,,,,,,
butter,rolls/buns,curd,pip fruit,,,,,,
domestic eggs,tropical fruit,coffee,root vegetables,yogurt,other vegetables,margarine,soda,,
citrus fruit,,,,,,,,,
butter,soda,pork,ice cream,sausage,root vegetables,hamburger meat,cream cheese,,
ice cream,sausage,rolls/buns,,,,,,,
whipped/sour cream,,,,,,,,,
pip fruit,citrus fruit,,,,,,,,
yogurt,bottled water,,,,,,,,
coffee,sausage,soda,cream cheese,domestic eggs,frozen vegetables,rolls/buns,,,
detergent,fruit/vegetable juice,rolls/buns,napkins,pork,,,,,
other vegetables,soda,,,,,,,,
fruit/vegetable juice,sausage,tropical fruit,brown bread,butter,whole milk,ice cream,pork,,
sausage,pip fruit,bottled water,pork,,,,,,
pip fruit,coffee,rolls/buns,other vegetables,yogurt,fruit/vegetable juice,ice cream,curd,root vegetables,citrus fruit
margarine,soda,,,,,,,,
coffee,root vegetables,shopping bags,fruit/vegetable juice,brown bread,bottled water,newspapers,chicken,napkins,
frozen vegetables,napkins,,,,,,,,
fruit/vegetable juice,whipped/sour cream,whole milk,other vegetables,curd,root vegetables,ice cream,detergent,citrus fruit,cream cheese
yogurt,ice cream,curd,margarine,brown bread,other vegetables,rolls/buns,,,
domestic eggs,hamburger meat,whole milk,ice cream,,,,,,
yogurt,brown bread,,,,,,,,
brown bread,,,,,,,,,
sausage,citrus fruit,brown bread,domestic eggs,shopping bags,napkins,,,,
pip fruit,napkins,pork,chicken,root vegetables,bottled water,frozen vegetables,cream cheese,whipped/sour cream,
brown bread,newspapers,fruit/vegetable juice,curd,citrus fruit,shopping bags,chicken,whipped/sour cream,whole milk,bottled water
napkins,yogurt,margarine,chicken,detergent,citrus fruit,whipped/sour cream,pastry,pip fruit,
cream cheese,pip fruit,frozen vegetables,curd,newspapers,yogurt,,,,
whipped/sour cream,pork,napkins,domestic eggs,ice cream,pastry,chicken,shopping bags,cream cheese,detergent
brown bread,sausage,coffee,margarine,pip fruit,frozen vegetables,detergent,root vegetables,curd,
whipped/sour cream,fruit/vegetable juice,,,,,,,,
ice cream,newspapers,cream cheese,soda,whipped/sour cream,,,,,
fruit/vegetable juice,sausage,bottled water,yogurt,ice cream,chicken,detergent,whipped/sour cream,margarine,
pip fruit,,,,,,,,,
margarine,frozen vegetables,soda,hamburger meat,napkins,chicken,rolls/buns,pork,bottled water,
domestic eggs,coffee,soda,frozen vegetables,whole milk,whipped/sour cream,hamburger meat,napkins,chicken,
soda,frozen vegetables,napkins,citrus fruit,sausage,yogurt,cream cheese,fruit/vegetable juice,pork,butter
rolls/buns,ice cream,brown bread,bottled water,soda,,,,,
bottled water,yogurt,ice cream,frozen vegetables,coffee,newspapers,shopping bags,domestic eggs,whipped/sour cream,detergent
rolls/buns,pastry,whipped/sour cream,citrus fruit,detergent,chicken,tropical fruit,cream cheese,,
detergent,ice cream,shopping bags,,,,,,,
pork,fruit/vegetable juice,detergent,shopping bags,domestic eggs,coffee,margarine,soda,bottled water,citrus fruit
curd,domestic eggs,frozen vegetables,brown bread,detergent,,,,,
citrus fruit,other vegetables,frozen vegetables,detergent,bottled water,fruit/vegetable juice,soda,coffee,,
curd,ice cream,root vegetables,yogurt,butter,rolls/buns,detergent,coffee,sausage,
whipped/sour cream,curd,newspapers,,,,,,,
pastry,pip fruit,sausage,hamburger meat,,,,,,
rolls/buns,ice cream,,,,,,,,
hamburger meat,margarine,shopping bags,napkins,ice cream,,,,,
chicken,other vegetables,pork,rolls/buns,curd,yogurt,,,,
rolls/buns,whole milk,bottled water,brown bread,fruit/vegetable juice,cream cheese,,,,
whole milk,tropical fruit,pastry,root vegetables,citrus fruit,rolls/buns,,,,
bottled water,margarine,sausage,shopping bags,newspapers,,,,,
pip fruit,,,,,,,,,
domestic eggs,rolls/buns,cream cheese,whipped/sour cream,citrus fruit,brown bread,,,,
other vegetables,pork,frozen vegetables,,,,,,,
newspapers,whole milk,fruit/vegetable juice,citrus fruit,other vegetables,coffee,brown bread,,,
tropical fruit,citrus fruit,whole milk,soda,yogurt,pip fruit,sausage,pork,butter,shopping bags
shopping bags,soda,pip fruit,sausage,other vegetables,chicken,curd,citrus fruit,cream cheese,brown bread
fruit/vegetable juice,frozen vegetables,,,,,,,,
hamburger meat,butter,shopping bags,other vegetables,fruit/vegetable juice,margarine,frozen vegetables,,,
cream cheese,bottled water,coffee,pip fruit,detergent,,,,,
margarine,,,,,,,,,
brown bread,coffee,pastry,napkins,yogurt,rolls/buns,fruit/vegetable juice,,,
whole milk,brown bread,shopping bags,soda,,,,,,
butter,yogurt,frozen vegetables,domestic eggs,,,,,,
pastry,chicken,soda,sausage,root vegetables,cream cheese,,,,
domestic eggs,newspapers,,,,,,,,
margarine,domestic eggs,yogurt,sausage,newspapers,brown bread,fruit/vegetable juice,hamburger meat,other vegetables,bottled water
tropical fruit,butter,margarine,fruit/vegetable juice,chicken,domestic eggs,newspapers,,,
pip fruit,citrus fruit,other vegetables,rolls/buns,curd,,,,,
newspapers,fruit/vegetable juice,margarine,chicken,,,,,,
rolls/buns,domestic eggs,pastry,sausage,soda,other vegetables,detergent,curd,,
frozen vegetables,detergent,pastry,shopping bags,bottled water,,,,,
brown bread,frozen vegetables,whole milk,shopping bags,butter,soda,detergent,other vegetables,rolls/buns,
cream cheese,bottled water,tropical fruit,,,,,,,
tropical fruit,fruit/vegetable juice,shopping bags,cream cheese,domestic eggs,hamburger meat,pastry,,,
bottled water,pip fruit,hamburger meat,fruit/vegetable juice,other vegetables,pork,brown bread,domestic eggs,,
pastry,cream cheese,pork,,,,,,,
citrus fruit,soda,,,,,,,,
coffee,tropical fruit,,,,,,,,
cream cheese,bottled water,frozen vegetables,hamburger meat,root vegetables,pastry,fruit/vegetable juice,detergent,,
napkins,butter,rolls/buns,domestic eggs,whipped/sour cream,root vegetables,ice cream,pip fruit,sausage,
butter,yogurt,bottled water,pastry,chicken,newspapers,coffee,root vegetables,citrus fruit,sausage
other vegetables,domestic eggs,hamburger meat,bottled water,,,,,,
fruit/vegetable juice,shopping bags,sausage,,,,,,,
other vegetables,,,,,,,,,
newspapers,,,,,,,,,
whole milk,chicken,domestic eggs,butter,,,,,,
cream cheese,frozen vegetables,,,,,,,,
root vegetables,tropical fruit,whole milk,other vegetables,hamburger meat,whipped/sour cream,brown bread,ice cream,butter,
pork,other vegetables,margarine,coffee,bottled water,,,,,
coffee,shopping bags,rolls/buns,chicken,bottled water,whole milk,,,,
pastry,,,,,,,,,
curd,bottled water,sausage,butter,domestic eggs,tropical fruit,margarine,,,
butter,cream cheese,,,,,,,,
newspapers,curd,hamburger meat,citrus fruit,chicken,pip fruit,frozen vegetables,butter,,
sausage,cream cheese,chicken,yogurt,newspapers,tropical fruit,rolls/buns,soda,domestic eggs,
yogurt,pork,whipped/sour cream,detergent,pip fruit,chicken,domestic eggs,curd,,
yogurt,shopping bags,citrus fruit,pork,curd,brown bread,,,,
whipped/sour cream,butter,coffee,root vegetables,newspapers,,,,,
butter,whipped/sour cream,coffee,brown bread,shopping bags,,,,,
whole milk,detergent,pastry,curd,whipped/sour cream,,,,,
brown bread,curd,,,,,,,,
yogurt,napkins,detergent,,,,,,,
margarine,newspapers,other vegetables,tropical fruit,,,,,,
root vegetables,rolls/buns,ice cream,citrus fruit,whipped/sour cream,,,,,
bottled water,hamburger meat,pork,frozen vegetables,soda,coffee,,,,
rolls/buns,soda,margarine,fruit/vegetable juice,newspapers,domestic eggs,pip fruit,,,
sausage,bottled water,,,,,,,,
ice cream,frozen vegetables,shopping bags,,,,,,,
soda,,,,,,,,,
pastry,newspapers,napkins,butter,other vegetables,chicken,soda,whole milk,ice cream,
rolls/buns,margarine,citrus fruit,tropical fruit,root vegetables,ice cream,sausage,,,
root vegetables,yogurt,coffee,whole milk,margarine,chicken,soda,,,
bottled water,fruit/vegetable juice,domestic eggs,cream cheese,yogurt,napkins,detergent,sausage,pip fruit,
whipped/sour cream,,,,,,,,,
chicken,napkins,yogurt,frozen vegetables,shopping bags,citrus fruit,pork,newspapers,ice cream,whole milk
butter,soda,,,,,,,,
pastry,fruit/vegetable juice,hamburger meat,chicken,citrus fruit,margarine,ice cream,frozen vegetables,,
detergent,,,,,,,,,
brown bread,detergent,whipped/sour cream,newspapers,pip fruit,citrus fruit,,,,
frozen vegetables,pork,shopping bags,napkins,,,,,,
bottled water,soda,,,,,,,,
shopping bags,whole milk,detergent,newspapers,chicken,,,,,
yogurt,domestic eggs,,,,,,,,
margarine,root vegetables,bottled water,whole milk,newspapers,yogurt,,,,
pork,newspapers,frozen vegetables,root vegetables,brown bread,,,,,
other vegetables,detergent,whipped/sour cream,,,,,,,
root vegetables,,,,,,,,,
bottled water,frozen vegetables,chicken,root vegetables,whipped/sour cream,detergent,rolls/buns,pip fruit,,
soda,,,,,,,,,
bottled water,other vegetables,coffee,margarine,ice cream,domestic eggs,root vegetables,napkins,brown bread,
hamburger meat,cream cheese,butter,detergent,root vegetables,rolls/buns,,,,
whole milk,whipped/sour cream,hamburger meat,curd,sausage,detergent,coffee,napkins,frozen vegetables,brown bread
pork,fruit/vegetable juice,shopping bags,margarine,butter,pip fruit,sausage,pastry,,
cream cheese,pork,butter,citrus fruit,,,,,,
butter,bottled water,domestic eggs,,,,,,,
pork,cream cheese,newspapers,rolls/buns,soda,citrus fruit,bottled water,,,
butter,whole milk,coffee,frozen vegetables,ice cream,pork,rolls/buns,,,
citrus fruit,brown bread,whipped/sour cream,bottled water,pastry,domestic eggs,,,,
coffee,whipped/sour cream,other vegetables,bottled water,tropical fruit,shopping bags,,,,
chicken,rolls/buns,whipped/sour cream,,,,,,,
root vegetables,whole milk,,,,,,,,
root vegetables,bottled water,shopping bags,sausage,margarine,fruit/vegetable juice,,,,
domestic eggs,whole milk,chicken,rolls/buns,ice cream,sausage,yogurt,butter,coffee,root vegetables
yogurt,citrus fruit,tropical fruit,margarine,,,,,,
detergent,fruit/vegetable juice,sausage,rolls/buns,,,,,,
frozen vegetables,pastry,domestic eggs,whipped/sour cream,detergent,curd,tropical fruit,yogurt,,
margarine,curd,domestic eggs,tropical fruit,cream cheese,citrus fruit,shopping bags,,,
chicken,pastry,whole milk,hamburger meat,shopping bags,soda,brown bread,tropical fruit,root vegetables,ice cream
pip fruit,whole milk,,,,,,,,
hamburger meat,shopping bags,detergent,rolls/buns,frozen vegetables,coffee,fruit/vegetable juice,yogurt,curd,margarine
brown bread,butter,pork,whole milk,,,,,,
domestic eggs,fruit/vegetable juice,citrus fruit,whole milk,pastry,chicken,cream cheese,,,
frozen vegetables,rolls/buns,cream cheese,citrus fruit,butter,chicken,hamburger meat,newspapers,soda,sausage
curd,frozen vegetables,butter,pastry,sausage,whole milk,other vegetables,pork,,
cream cheese,yogurt,detergent,margarine,ice cream,pork,rolls/buns,,,
pip fruit,domestic eggs,,,,,,,,
sausage,,,,,,,,,
tropical fruit,,,,,,,,,
fruit/vegetable juice,chicken,citrus fruit,detergent,,,,,,
whole milk,chicken,ice cream,soda,domestic eggs,butter,pip fruit,other vegetables,root vegetables,
newspapers,cream cheese,detergent,ice cream,butter,,,,,
root vegetables,pastry,pork,napkins,tropical fruit,rolls/buns,butter,,,
pastry,newspapers,cream cheese,root vegetables,bottled water,,,,,
pastry,newspapers,coffee,soda,hamburger meat,fruit/vegetable juice,citrus fruit,pip fruit,sausage,
citrus fruit,detergent,root vegetables,butter,,,,,,
soda,pastry,pork,root vegetables,newspapers,rolls/buns,cream cheese,brown bread,frozen vegetables,
butter,soda,hamburger meat,pork,brown bread,,,,,
bottled water,whole milk,,,,,,,,
other vegetables,hamburger meat,root vegetables,rolls/buns,cream cheese,soda,butter,bottled water,curd,fruit/vegetable juice
citrus fruit,,,,,,,,,
other vegetables,pork,,,,,,,,
sausage,cream cheese,other vegetables,pip fruit,yogurt,pork,hamburger meat,,,
whipped/sour cream,pork,rolls/buns,chicken,,,,,,
detergent,citrus fruit,frozen vegetables,bottled water,soda,chicken,brown bread,domestic eggs,other vegetables,
newspapers,coffee,soda,pork,napkins,citrus fruit,chicken,,,
rolls/buns,hamburger meat,root vegetables,soda,brown bread,detergent,pip fruit,,,
napkins,citrus fruit,,,,,,,,
shopping bags,fruit/vegetable juice,pip fruit,curd,ice cream,citrus fruit,yogurt,whipped/sour cream,,
margarine,yogurt,sausage,,,,,,,
butter,rolls/buns,citrus fruit,ice cream,root vegetables,frozen vegetables,,,,
sausage,detergent,whipped/sour cream,frozen vegetables,brown bread,,,,,
ice cream,shopping bags,newspapers,pip fruit,,,,,,
hamburger meat,,,,,,,,,
ice cream,curd,napkins,root vegetables,pork,citrus fruit,newspapers,coffee,,
whipped/sour cream,bottled water,rolls/buns,pip fruit,brown bread,root vegetables,detergent,butter,ice cream,cream cheese
ice cream,detergent,soda,tropical fruit,curd,,,,,
tropical fruit,cream cheese,soda,chicken,fruit/vegetable juice,rolls/buns,citrus fruit,other vegetables,,
newspapers,chicken,detergent,domestic eggs,root vegetables,,,,,
rolls/buns,,,,,,,,,
fruit/vegetable juice,whole milk,citrus fruit,pastry,,,,,,
yogurt,,,,,,,,,
chicken,shopping bags,soda,whole milk,,,,,,
hamburger meat,coffee,other vegetables,,,,,,,
brown bread,pastry,fruit/vegetable juice,domestic eggs,detergent,,,,,
domestic eggs,rolls/buns,whole milk,detergent,pastry,,,,,
soda,whole milk,fruit/vegetable juice,root vegetables,pastry,pip fruit,pork,,,
hamburger meat,root vegetables,detergent,cream cheese,tropical fruit,fruit/vegetable juice,frozen vegetables,pip fruit,whole milk,
pastry,brown bread,,,,,,,,
soda,sausage,curd,hamburger meat,rolls/buns,fruit/vegetable juice,,,,
frozen vegetables,newspapers,butter,brown bread,whipped/sour cream,root vegetables,pastry,,,
frozen vegetables,yogurt,sausage,pastry,,,,,,
root vegetables,rolls/buns,brown bread,ice cream,pip fruit,whole milk,,,,
pastry,root vegetables,margarine,chicken,hamburger meat,,,,,
soda,frozen vegetables,,,,,,,,
fruit/vegetable juice,pip fruit,citrus fruit,detergent,,,,,,
citrus fruit,root vegetables,butter,bottled water,,,,,,
frozen vegetables,chicken,bottled water,ice cream,pork,sausage,coffee,pip fruit,detergent,curd
ice cream,fruit/vegetable juice,other vegetables,citrus fruit,cream cheese,brown bread,rolls/buns,,,
cream cheese,,,,,,,,,
citrus fruit,other vegetables,sausage,newspapers,napkins,margarine,hamburger meat,,,
soda,cream cheese,root vegetables,sausage,butter,,,,,
curd,sausage,soda,napkins,root vegetables,margarine,butter,newspapers,cream cheese,
chicken,coffee,fruit/vegetable juice,,,,,,,
domestic eggs,margarine,soda,rolls/buns,,,,,,
citrus fruit,soda,,,,,,,,
tropical fruit,citrus fruit,margarine,rolls/buns,sausage,bottled water,pip fruit,coffee,hamburger meat,pork
yogurt,margarine,chicken,tropical fruit,ice cream,frozen vegetables,napkins,pastry,,
citrus fruit,curd,margarine,,,,,,,
napkins,whipped/sour cream,ice cream,detergent,,,,,,
yogurt,pork,curd,tropical fruit,,,,,,
detergent,butter,whole milk,chicken,shopping bags,,,,,
ice cream,cream cheese,detergent,rolls/buns,root vegetables,chicken,,,,
bottled water,fruit/vegetable juice,shopping bags,,,,,,,
chicken,yogurt,fruit/vegetable juice,shopping bags,hamburger meat,cream cheese,margarine,brown bread,other vegetables,citrus fruit
citrus fruit,chicken,whole milk,pork,pastry,,,,,
rolls/buns,other vegetables,margarine,hamburger meat,bottled water,,,,,
newspapers,whole milk,sausage,other vegetables,,,,,,
pip fruit,margarine,napkins,yogurt,,,,,,
whole milk,ice cream,napkins,citrus fruit,margarine,hamburger meat,domestic eggs,,,
fruit/vegetable juice,,,,,,,,,
napkins,,,,,,,,,
curd,shopping bags,whole milk,,,,,,,
frozen vegetables,tropical fruit,whipped/sour cream,pip fruit,pork,,,,,
pip fruit,,,,,,,,,
pork,fruit/vegetable juice,bottled water,napkins,whipped/sour cream,margarine,pip fruit,root vegetables,sausage,
whipped/sour cream,other vegetables,curd,whole milk,domestic eggs,fruit/vegetable juice,root vegetables,,,
curd,other vegetables,cream cheese,pip fruit,root vegetables,butter,newspapers,,,
pork,frozen vegetables,hamburger meat,margarine,,,,,,
coffee,whipped/sour cream,citrus fruit,cream cheese,root vegetables,curd,chicken,whole milk,newspapers,rolls/buns
root vegetables,whole milk,napkins,hamburger meat,shopping bags,,,,,
frozen vegetables,,,,,,,,,
cream cheese,sausage,other vegetables,butter,,,,,,
pork,brown bread,,,,,,,,
sausage,detergent,hamburger meat,,,,,,,
hamburger meat,domestic eggs,butter,napkins,whipped/sour cream,margarine,,,,
pip fruit,shopping bags,,,,,,,,
whole milk,bottled water,curd,chicken,pastry,whipped/sour cream,citrus fruit,shopping bags,,
hamburger meat,whipped/sour cream,pork,other vegetables,bottled water,margarine,brown bread,curd,frozen vegetables,
shopping bags,bottled water,detergent,pork,hamburger meat,fruit/vegetable juice,margarine,curd,citrus fruit,
soda,whipped/sour cream,pork,detergent,pastry,tropical fruit,rolls/buns,fruit/vegetable juice,citrus fruit,curd
pastry,whipped/sour cream,butter,cream cheese,hamburger meat,fruit/vegetable juice,pork,shopping bags,domestic eggs,
frozen vegetables,root vegetables,,,,,,,,
other vegetables,pork,fruit/vegetable juice,cream cheese,butter,tropical fruit,,,,
napkins,citrus fruit,,,,,,,,
other vegetables,root vegetables,,,,,,,,
fruit/vegetable juice,tropical fruit,root vegetables,detergent,coffee,napkins,,,,
citrus fruit,coffee,hamburger meat,,,,,,,
shopping bags,tropical fruit,butter,curd,yogurt,coffee,brown bread,newspapers,fruit/vegetable juice,
soda,butter,other vegetables,,,,,,,
rolls/buns,yogurt,citrus fruit,,,,,,,
margarine,yogurt,curd,domestic eggs,whole milk,butter,whipped/sour cream,hamburger meat,,
margarine,soda,root vegetables,sausage,whole milk,yogurt,,,,
chicken,sausage,,,,,,,,
whole milk,newspapers,hamburger meat,other vegetables,fruit/vegetable juice,yogurt,brown bread,butter,margarine,
pork,detergent,whole milk,root vegetables,frozen vegetables,rolls/buns,sausage,pastry,other vegetables,
margarine,detergent,bottled water,domestic eggs,newspapers,ice cream,,,,
napkins,tropical fruit,detergent,ice cream,pip fruit,,,,,
rolls/buns,other vegetables,pastry,yogurt,margarine,,,,,
ice cream,,,,,,,,,
frozen vegetables,pip fruit,soda,margarine,whole milk,curd,yogurt,,,
whipped/sour cream,pastry,citrus fruit,sausage,coffee,,,,,
brown bread,soda,bottled water,sausage,citrus fruit,curd,pork,butter,newspapers,other vegetables
other vegetables,root vegetables,,,,,,,,
rolls/buns,,,,,,,,,
citrus fruit,napkins,tropical fruit,fruit/vegetable juice,detergent,sausage,whipped/sour cream,brown bread,pork,soda
frozen vegetables,bottled water,coffee,root vegetables,curd,sausage,,,,
margarine,whole milk,yogurt,detergent,other vegetables,,,,,
detergent,,,,,,,,,
detergent,fruit/vegetable juice,newspapers,hamburger meat,coffee,ice cream,sausage,butter,whipped/sour cream,
fruit/vegetable juice,pastry,sausage,newspapers,coffee,butter,tropical fruit,detergent,shopping bags,
whipped/sour cream,coffee,,,,,,,,
yogurt,brown bread,domestic eggs,curd,frozen vegetables,cream cheese,,,,
root vegetables,fruit/vegetable juice,butter,citrus fruit,pip fruit,tropical fruit,coffee,sausage,napkins,
frozen vegetables,soda,,,,,,,,
shopping bags,napkins,domestic eggs,whipped/sour cream,frozen vegetables,cream cheese,pip fruit,hamburger meat,,
whole milk,frozen vegetables,domestic eggs,hamburger meat,pork,newspapers,rolls/buns,soda,tropical fruit,
curd,other vegetables,whole milk,fruit/vegetable juice,,,,,,
shopping bags,brown bread,newspapers,,,,,,,
napkins,other vegetables,margarine,domestic eggs,brown bread,cream cheese,root vegetables,chicken,ice cream,pork
curd,sausage,,,,,,,,
other vegetables,newspapers,fruit/vegetable juice,brown bread,whole milk,pip fruit,shopping bags,margarine,hamburger meat,detergent
domestic eggs,pastry,tropical fruit,whole milk,rolls/buns,fruit/vegetable juice,,,,
ice cream,pastry,coffee,bottled water,pork,cream cheese,whole milk,,,
tropical fruit,fruit/vegetable juice,pip fruit,domestic eggs,frozen vegetables,,,,,
tropical fruit,napkins,,,,,,,,
newspapers,napkins,hamburger meat,rolls/buns,,,,,,
newspapers,brown bread,fruit/vegetable juice,curd,root vegetables,,,,,
curd,whipped/sour cream,pip fruit,,,,,,,
frozen vegetables,whipped/sour cream,citrus fruit,domestic eggs,brown bread,newspapers,butter,soda,curd,
sausage,curd,butter,whole milk,root vegetables,,,,,
frozen vegetables,pork,other vegetables,,,,,,,
hamburger meat,domestic eggs,whipped/sour cream,pork,citrus fruit,soda,fruit/vegetable juice,other vegetables,coffee,sausage
ice cream,margarine,shopping bags,rolls/buns,,,,,,
cream cheese,root vegetables,soda,,,,,,,
citrus fruit,detergent,cream cheese,hamburger meat,brown bread,domestic eggs,pip fruit,yogurt,pork,rolls/buns
root vegetables,whole milk,pip fruit,margarine,napkins,cream cheese,pork,fruit/vegetable juice,newspapers,brown bread
fruit/vegetable juice,detergent,hamburger meat,whipped/sour cream,citrus fruit,frozen vegetables,,,,
butter,newspapers,pork,citrus fruit,root vegetables,napkins,shopping bags,,,
ice cream,detergent,coffee,pip fruit,,,,,,
whipped/sour cream,pastry,detergent,pip fruit,domestic eggs,cream cheese,curd,tropical fruit,brown bread,
frozen vegetables,whole milk,pork,,,,,,,
pip fruit,margarine,chicken,,,,,,,
shopping bags,whipped/sour cream,,,,,,,,
soda,whipped/sour cream,pastry,detergent,cream cheese,butter,sausage,napkins,citrus fruit,
margarine,butter,shopping bags,frozen vegetables,brown bread,coffee,pork,sausage,bottled water,newspapers
curd,butter,pastry,rolls/buns,ice cream,margarine,tropical fruit,domestic eggs,shopping bags,
newspapers,,,,,,,,,
citrus fruit,pork,whole milk,,,,,,,
other vegetables,whole milk,pork,,,,,,,
soda,bottled water,pastry,shopping bags,,,,,,
coffee,pastry,chicken,napkins,,,,,,
rolls/buns,domestic eggs,,,,,,,,
yogurt,bottled water,,,,,,,,
frozen vegetables,chicken,coffee,butter,detergent,rolls/buns,brown bread,whole milk,yogurt,
margarine,whole milk,tropical fruit,sausage,napkins,root vegetables,butter,,,
napkins,hamburger meat,pork,ice cream,coffee,citrus fruit,,,,
citrus fruit,detergent,whipped/sour cream,root vegetables,sausage,shopping bags,other vegetables,tropical fruit,,
domestic eggs,margarine,tropical fruit,,,,,,,
margarine,brown bread,coffee,sausage,pastry,cream cheese,pip fruit,tropical fruit,soda,pork
hamburger meat,brown bread,,,,,,,,
margarine,curd,ice cream,yogurt,citrus fruit,detergent,domestic eggs,rolls/buns,chicken,frozen vegetables
sausage,detergent,tropical fruit,cream cheese,rolls/buns,fruit/vegetable juice,root vegetables,coffee,pork,
curd,shopping bags,bottled water,rolls/buns,napkins,citrus fruit,domestic eggs,soda,,
shopping bags,hamburger meat,,,,,,,,
newspapers,chicken,,,,,,,,
fruit/vegetable juice,tropical fruit,pastry,butter,newspapers,chicken,,,,
bottled water,brown bread,fruit/vegetable juice,pork,newspapers,,,,,
chicken,rolls/buns,whole milk,,,,,,,
coffee,yogurt,sausage,pip fruit,frozen vegetables,cream cheese,pastry,whipped/sour cream,newspapers,
shopping bags,coffee,margarine,fruit/vegetable juice,yogurt,butter,pip fruit,,,
shopping bags,pork,chicken,curd,sausage,,,,,
yogurt,brown bread,soda,margarine,domestic eggs,coffee,other vegetables,whipped/sour cream,shopping bags,
bottled water,,,,,,,,,
yogurt,whipped/sour cream,detergent,brown bread,citrus fruit,curd,margarine,shopping bags,pip fruit,chicken
sausage,napkins,whipped/sour cream,,,,,,,
hamburger meat,soda,whipped/sour cream,,,,,,,
detergent,pip fruit,,,,,,,,
cream cheese,root vegetables,ice cream,coffee,pork,soda,,,,
fruit/vegetable juice,brown bread,detergent,coffee,rolls/buns,citrus fruit,butter,whole milk,other vegetables,whipped/sour cream
soda,hamburger meat,pip fruit,yogurt,whipped/sour cream,cream cheese,brown bread,,,
frozen vegetables,,,,,,,,,
coffee,,,,,,,,,
bottled water,detergent,yogurt,coffee,,,,,,
pork,,,,,,,,,
frozen vegetables,chicken,domestic eggs,rolls/buns,butter,soda,,,,
curd,hamburger meat,yogurt,domestic eggs,rolls/buns,brown bread,whipped/sour cream,soda,fruit/vegetable juice,
sausage,butter,fruit/vegetable juice,whipped/sour cream,root vegetables,bottled water,,,,
detergent,,,,,,,,,
newspapers,napkins,chicken,margarine,,,,,,
citrus fruit,,,,,,,,,
newspapers,coffee,pip fruit,whole milk,,,,,,
brown bread,coffee,domestic eggs,newspapers,root vegetables,chicken,,,,
butter,pastry,detergent,cream cheese,margarine,coffee,ice cream,,,
pork,hamburger meat,,,,,,,,
yogurt,frozen vegetables,,,,,,,,
other vegetables,citrus fruit,napkins,tropical fruit,,,,,,
root vegetables,yogurt,fruit/vegetable juice,butter,pastry,,,,,
napkins,citrus fruit,pastry,hamburger meat,chicken,detergent,fruit/vegetable juice,bottled water,,
curd,whole milk,hamburger meat,root vegetables,tropical fruit,whipped/sour cream,other vegetables,pork,soda,ice cream
pastry,pip fruit,chicken,,,,,,,
yogurt,pip fruit,sausage,ice cream,curd,shopping bags,,,,
newspapers,cream cheese,rolls/buns,napkins,,,,,,
yogurt,root vegetables,rolls/buns,,,,,,,
bottled water,soda,domestic eggs,detergent,citrus fruit,shopping bags,sausage,yogurt,coffee,
frozen vegetables,shopping bags,newspapers,cream cheese,citrus fruit,margarine,whole milk,detergent,chicken,
citrus fruit,napkins,coffee,margarine,shopping bags,whole milk,other vegetables,bottled water,root vegetables,
pork,domestic eggs,hamburger meat,tropical fruit,ice cream,bottled water,whipped/sour cream,citrus fruit,butter,
tropical fruit,napkins,pork,ice cream,,,,,,
cream cheese,citrus fruit,brown bread,chicken,,,,,,
yogurt,sausage,coffee,rolls/buns,soda,butter,bottled water,pork,chicken,
butter,hamburger meat,fruit/vegetable juice,soda,shopping bags,,,,,
sausage,yogurt,pastry,fruit/vegetable juice,other vegetables,cream cheese,napkins,rolls/buns,whipped/sour cream,brown bread
shopping bags,cream cheese,,,,,,,,
fruit/vegetable juice,bottled water,domestic eggs,yogurt,,,,,,
chicken,newspapers,hamburger meat,frozen vegetables,coffee,butter,brown bread,napkins,detergent,rolls/buns
pip fruit,soda,butter,pork,margarine,shopping bags,frozen vegetables,whole milk,coffee,tropical fruit
root vegetables,hamburger meat,tropical fruit,pip fruit,chicken,cream cheese,brown bread,ice cream,,
whole milk,chicken,pip fruit,frozen vegetables,bottled water,brown bread,newspapers,soda,tropical fruit,
fruit/vegetable juice,coffee,brown bread,whole milk,tropical fruit,other vegetables,,,,
napkins,pork,margarine,root vegetables,butter,citrus fruit,yogurt,shopping bags,coffee,pip fruit
soda,domestic eggs,,,,,,,,
whole milk,coffee,curd,napkins,,,,,,
whipped/sour cream,root vegetables,detergent,pastry,rolls/buns,ice cream,brown bread,soda,domestic eggs,
hamburger meat,coffee,pork,domestic eggs,tropical fruit,ice cream,butter,whole milk,citrus fruit,pastry
hamburger meat,shopping bags,newspapers,sausage,whipped/sour cream,,,,,
whipped/sour cream,napkins,tropical fruit,,,,,,,
butter,napkins,domestic eggs,rolls/buns,whole milk,fruit/vegetable juice,,,,
tropical fruit,margarine,other vegetables,citrus fruit,cream cheese,detergent,soda,root vegetables,shopping bags,
fruit/vegetable juice,frozen vegetables,pip fruit,citrus fruit,detergent,coffee,shopping bags,pork,,
ice cream,whipped/sour cream,brown bread,shopping bags,frozen vegetables,chicken,coffee,,,
napkins,root vegetables,shopping bags,soda,brown bread,other vegetables,,,,
margarine,shopping bags,detergent,,,,,,,
napkins,curd,whole milk,margarine,cream cheese,other vegetables,pastry,frozen vegetables,,
other vegetables,margarine,sausage,butter,frozen vegetables,chicken,root vegetables,tropical fruit,shopping bags,
fruit/vegetable juice,root vegetables,,,,,,,,
butter,frozen vegetables,whipped/sour cream,ice cream,margarine,,,,,
cream cheese,soda,domestic eggs,pastry,pip fruit,ice cream,whole milk,shopping bags,sausage,frozen vegetables
frozen vegetables,pip fruit,brown bread,,,,,,,
domestic eggs,,,,,,,,,
tropical fruit,butter,shopping bags,detergent,newspapers,napkins,brown bread,,,
citrus fruit,butter,pork,shopping bags,detergent,curd,ice cream,brown bread,pip fruit,fruit/vegetable juice
butter,whipped/sour cream,detergent,root vegetables,sausage,yogurt,curd,,,
newspapers,whipped/sour cream,whole milk,,,,,,,
ice cream,,,,,,,,,
napkins,cream cheese,ice cream,sausage,detergent,tropical fruit,pork,frozen vegetables,citrus fruit,
napkins,brown bread,hamburger meat,,,,,,,
whole milk,rolls/buns,fruit/vegetable juice,curd,frozen vegetables,margarine,other vegetables,citrus fruit,root vegetables,
pip fruit,detergent,curd,pastry,sausage,other vegetables,napkins,chicken,,
brown bread,domestic eggs,whipped/sour cream,chicken,tropical fruit,,,,,
root vegetables,sausage,napkins,other vegetables,domestic eggs,newspapers,fruit/vegetable juice,,,
napkins,whole milk,yogurt,butter,root vegetables,rolls/buns,tropical fruit,other vegetables,shopping bags,
other vegetables,rolls/buns,curd,newspapers,soda,fruit/vegetable juice,citrus fruit,chicken,root vegetables,brown bread
newspapers,,,,,,,,,
pork,butter,domestic eggs,other vegetables,hamburger meat,coffee,soda,sausage,curd,
whipped/sour cream,pork,root vegetables,frozen vegetables,margarine,,,,,
citrus fruit,soda,pip fruit,napkins,,,,,,
cream cheese,frozen vegetables,citrus fruit,coffee,hamburger meat,butter,pip fruit,,,
brown bread,yogurt,pork,,,,,,,
whole milk,soda,other vegetables,hamburger meat,napkins,brown bread,rolls/buns,pip fruit,,
pip fruit,frozen vegetables,cream cheese,napkins,margarine,domestic eggs,soda,whole milk,other vegetables,butter
whole milk,pip fruit,sausage,,,,,,,
ice cream,,,,,,,,,
rolls/buns,citrus fruit,fruit/vegetable juice,pip fruit,tropical fruit,butter,soda,,,
pip fruit,margarine,brown bread,hamburger meat,domestic eggs,pastry,cream cheese,butter,,
napkins,sausage,pastry,,,,,,,
detergent,shopping bags,butter,yogurt,root vegetables,soda,curd,margarine,,
brown bread,pastry,rolls/buns,cream cheese,napkins,yogurt,curd,,,
pip fruit,yogurt,root vegetables,whipped/sour cream,tropical fruit,pork,sausage,rolls/buns,,
pork,,,,,,,,,
curd,pastry,,,,,,,,
chicken,,,,,,,,,
frozen vegetables,rolls/buns,butter,curd,soda,domestic eggs,,,,
pork,coffee,napkins,tropical fruit,citrus fruit,fruit/vegetable juice,sausage,hamburger meat,pastry,
cream cheese,shopping bags,pork,citrus fruit,,,,,,
root vegetables,brown bread,fruit/vegetable juice,cream cheese,,,,,,
ice cream,pip fruit,citrus fruit,butter,shopping bags,brown bread,bottled water,other vegetables,root vegetables,
tropical fruit,detergent,citrus fruit,cream cheese,coffee,chicken,brown bread,yogurt,,
napkins,margarine,frozen vegetables,bottled water,tropical fruit,brown bread,,,,
curd,detergent,hamburger meat,ice cream,citrus fruit,other vegetables,,,,
pork,tropical fruit,rolls/buns,hamburger meat,newspapers,napkins,,,,
whipped/sour cream,curd,,,,,,,,
pip fruit,curd,pork,napkins,,,,,,
newspapers,sausage,fruit/vegetable juice,pastry,butter,,,,,
whole milk,citrus fruit,rolls/buns,butter,shopping bags,,,,,
ice cream,napkins,frozen vegetables,detergent,rolls/buns,coffee,,,,
pastry,sausage,whole milk,,,,,,,
chicken,yogurt,detergent,,,,,,,
bottled water,,,,,,,,,
shopping bags,sausage,,,,,,,,
butter,curd,chicken,frozen vegetables,cream cheese,yogurt,soda,,,
cream cheese,whole milk,pip fruit,curd,root vegetables,domestic eggs,ice cream,,,
whole milk,other vegetables,frozen vegetables,,,,,,,
brown bread,citrus fruit,,,,,,,,
fruit/vegetable juice,pork,citrus fruit,rolls/buns,,,,,,
rolls/buns,curd,whipped/sour cream,root vegetables,hamburger meat,domestic eggs,,,,
hamburger meat,root vegetables,butter,,,,,,,
pork,whole milk,pip fruit,chicken,napkins,domestic eggs,fruit/vegetable juice,shopping bags,,
domestic eggs,brown bread,root vegetables,rolls/buns,pip fruit,sausage,whole milk,,,
ice cream,other vegetables,tropical fruit,curd,fruit/vegetable juice,newspapers,butter,,,
sausage,bottled water,frozen vegetables,rolls/buns,shopping bags,coffee,hamburger meat,cream cheese,citrus fruit,brown bread
napkins,whipped/sour cream,cream cheese,shopping bags,soda,tropical fruit,fruit/vegetable juice,root vegetables,butter,
soda,brown bread,domestic eggs,napkins,rolls/buns,,,,,
margarine,yogurt,frozen vegetables,whipped/sour cream,brown bread,ice cream,,,,
sausage,napkins,butter,pastry,chicken,rolls/buns,citrus fruit,hamburger meat,ice cream,
sausage,ice cream,hamburger meat,detergent,whipped/sour cream,yogurt,fruit/vegetable juice,butter,soda,
pork,hamburger meat,,,,,,,,
butter,domestic eggs,cream cheese,,,,,,,
shopping bags,whole milk,,,,,,,,
chicken,whole milk,butter,margarine,pastry,cream cheese,whipped/sour cream,rolls/buns,newspapers,other vegetables
shopping bags,other vegetables,,,,,,,,
ice cream,brown bread,detergent,whole milk,margarine,shopping bags,,,,
pork,cream cheese,detergent,butter,whole milk,chicken,newspapers,,,
butter,napkins,,,,,,,,
other vegetables,hamburger meat,yogurt,napkins,whole milk,,,,,
cream cheese,newspapers,rolls/buns,tropical fruit,sausage,curd,soda,citrus fruit,,
frozen vegetables,domestic eggs,fruit/vegetable juice,yogurt,,,,,,
fruit/vegetable juice,margarine,domestic eggs,,,,,,,
tropical fruit,sausage,,,,,,,,
citrus fruit,newspapers,yogurt,brown bread,fruit/vegetable juice,domestic eggs,shopping bags,napkins,,
citrus fruit,napkins,soda,other vegetables,tropical fruit,bottled water,ice cream,butter,,
soda,butter,brown bread,margarine,coffee,pastry,other vegetables,hamburger meat,root vegetables,
soda,,,,,,,,,
hamburger meat,newspapers,sausage,root vegetables,detergent,margarine,,,,
chicken,cream cheese,fruit/vegetable juice,whole milk,root vegetables,frozen vegetables,soda,coffee,curd,pork
pastry,hamburger meat,,,,,,,,
other vegetables,whole milk,root vegetables,brown bread,,,,,,
frozen vegetables,detergent,soda,shopping bags,brown bread,,,,,
whipped/sour cream,other vegetables,brown bread,coffee,ice cream,bottled water,rolls/buns,yogurt,citrus fruit,whole milk
soda,frozen vegetables,curd,newspapers,pastry,,,,,
citrus fruit,root vegetables,fruit/vegetable juice,butter,frozen vegetables,,,,,
pip fruit,,,,,,,,,
fruit/vegetable juice,pastry,brown bread,pork,chicken,bottled water,pip fruit,,,
newspapers,sausage,pip fruit,margarine,tropical fruit,napkins,soda,other vegetables,,
citrus fruit,soda,rolls/buns,brown bread,detergent,,,,,
root vegetables,shopping bags,domestic eggs,,,,,,,
frozen vegetables,sausage,pip fruit,,,,,,,
whole milk,bottled water,,,,,,,,
sausage,butter,frozen vegetables,tropical fruit,cream cheese,root vegetables,pip fruit,other vegetables,chicken,soda
shopping bags,brown bread,hamburger meat,whole milk,margarine,whipped/sour cream,curd,,,
fruit/vegetable juice,yogurt,,,,,,,,
cream cheese,,,,,,,,,
curd,whipped/sour cream,fruit/vegetable juice,soda,pastry,,,,,
yogurt,curd,tropical fruit,bottled water,fruit/vegetable juice,pork,frozen vegetables,root vegetables,whipped/sour cream,newspapers
newspapers,other vegetables,shopping bags,whole milk,sausage,butter,coffee,citrus fruit,pork,
citrus fruit,,,,,,,,,
fruit/vegetable juice,detergent,coffee,,,,,,,
yogurt,sausage,citrus fruit,frozen vegetables,pastry,rolls/buns,hamburger meat,curd,chicken,butter
rolls/buns,root vegetables,pork,tropical fruit,citrus fruit,cream cheese,,,,
whole milk,citrus fruit,bottled water,newspapers,hamburger meat,domestic eggs,margarine,chicken,cream cheese,
tropical fruit,napkins,pip fruit,,,,,,,
yogurt,domestic eggs,pork,frozen vegetables,whole milk,hamburger meat,butter,curd,,
root vegetables,soda,brown bread,rolls/buns,frozen vegetables,pork,,,,
ice cream,root vegetables,margarine,pastry,cream cheese,detergent,,,,
ice cream,hamburger meat,soda,detergent,root vegetables,chicken,shopping bags,tropical fruit,citrus fruit,yogurt
root vegetables,,,,,,,,,
other vegetables,napkins,tropical fruit,citrus fruit,pork,whole milk,frozen vegetables,margarine,bottled water,
whipped/sour cream,,,,,,,,,
fruit/vegetable juice,napkins,citrus fruit,frozen vegetables,soda,rolls/buns,tropical fruit,hamburger meat,sausage,
other vegetables,detergent,bottled water,rolls/buns,domestic eggs,whipped/sour cream,newspapers,margarine,,
butter,rolls/buns,detergent,pip fruit,pastry,citrus fruit,frozen vegetables,,,
whole milk,hamburger meat,sausage,butter,,,,,,
coffee,chicken,pork,domestic eggs,curd,citrus fruit,newspapers,hamburger meat,,
root vegetables,sausage,soda,ice cream,bottled water,butter,chicken,domestic eggs,,
cream cheese,newspapers,whole milk,bottled water,butter,rolls/buns,fruit/vegetable juice,chicken,,
domestic eggs,margarine,bottled water,shopping bags,rolls/buns,napkins,butter,,,
whole milk,citrus fruit,cream cheese,pork,pip fruit,,,,,
shopping bags,newspapers,yogurt,pip fruit,fruit/vegetable juice,whipped/sour cream,margarine,cream cheese,citrus fruit,
pork,sausage,citrus fruit,ice cream,cream cheese,newspapers,hamburger meat,,,
yogurt,domestic eggs,whipped/sour cream,root vegetables,butter,pastry,whole milk,bottled water,rolls/buns,frozen vegetables
soda,yogurt,,,,,,,,
brown bread,hamburger meat,,,,,,,,
butter,shopping bags,yogurt,pork,newspapers,,,,,
curd,hamburger meat,sausage,citrus fruit,fruit/vegetable juice,ice cream,chicken,newspapers,,
citrus fruit,cream cheese,,,,,,,,
fruit/vegetable juice,pip fruit,coffee,hamburger meat,,,,,,
chicken,tropical fruit,detergent,yogurt,,,,,,
pastry,whipped/sour cream,other vegetables,curd,domestic eggs,rolls/buns,ice cream,hamburger meat,,
whipped/sour cream,citrus fruit,yogurt,chicken,other vegetables,sausage,butter,bottled water,cream cheese,brown bread
cream cheese,frozen vegetables,ice cream,pastry,soda,other vegetables,,,,
curd,pastry,napkins,brown bread,cream cheese,coffee,whole milk,tropical fruit,yogurt,citrus fruit
hamburger meat,butter,pork,soda,yogurt,napkins,whipped/sour cream,frozen vegetables,,
fruit/vegetable juice,chicken,ice cream,domestic eggs,newspapers,hamburger meat,shopping bags,other vegetables,detergent,
coffee,,,,,,,,,
frozen vegetables,bottled water,other vegetables,,,,,,,
brown bread,fruit/vegetable juice,citrus fruit,napkins,soda,pip fruit,pastry,,,
bottled water,brown bread,pip fruit,tropical fruit,frozen vegetables,ice cream,butter,,,
fruit/vegetable juice,pip fruit,brown bread,root vegetables,detergent,rolls/buns,shopping bags,citrus fruit,tropical fruit,
curd,pastry,citrus fruit,ice cream,sausage,shopping bags,domestic eggs,pip fruit,yogurt,
rolls/buns,,,,,,,,,
newspapers,frozen vegetables,root vegetables,fruit/vegetable juice,cream cheese,napkins,coffee,hamburger meat,,
pastry,brown bread,curd,coffee,fruit/vegetable juice,cream cheese,whipped/sour cream,pip fruit,pork,rolls/buns
sausage,soda,ice cream,cream cheese,,,,,,
brown bread,margarine,newspapers,bottled water,,,,,,
cream cheese,napkins,other vegetables,sausage,root vegetables,bottled water,citrus fruit,pastry,coffee,
pastry,,,,,,,,,
napkins,coffee,shopping bags,detergent,bottled water,rolls/buns,whole milk,citrus fruit,,
curd,margarine,chicken,frozen vegetables,pastry,ice cream,hamburger meat,brown bread,,
root vegetables,fruit/vegetable juice,napkins,citrus fruit,bottled water,,,,,
bottled water,whole milk,sausage,soda,coffee,,,,,
cream cheese,napkins,domestic eggs,soda,whipped/sour cream,whole milk,fruit/vegetable juice,sausage,root vegetables,frozen vegetables
shopping bags,frozen vegetables,brown bread,,,,,,,
citrus fruit,cream cheese,detergent,chicken,bottled water,,,,,
frozen vegetables,fruit/vegetable juice,hamburger meat,tropical fruit,curd,newspapers,,,,
soda,chicken,detergent,yogurt,napkins,whipped/sour cream,citrus fruit,,,
margarine,domestic eggs,root vegetables,frozen vegetables,citrus fruit,shopping bags,whipped/sour cream,,,
detergent,yogurt,pastry,margarine,root vegetables,butter,hamburger meat,other vegetables,,
sausage,brown bread,fruit/vegetable juice,,,,,,,
pork,chicken,coffee,sausage,,,,,,
whole milk,citrus fruit,coffee,cream cheese,domestic eggs,root vegetables,,,,
frozen vegetables,newspapers,tropical fruit,citrus fruit,,,,,,
citrus fruit,whole milk,cream cheese,frozen vegetables,pip fruit,ice cream,pastry,,,
margarine,curd,sausage,newspapers,pork,tropical fruit,chicken,other vegetables,coffee,
root vegetables,hamburger meat,newspapers,frozen vegetables,pork,detergent,fruit/vegetable juice,citrus fruit,rolls/buns,ice cream
napkins,frozen vegetables,hamburger meat,coffee,pip fruit,,,,,
frozen vegetables,root vegetables,whipped/sour cream,rolls/buns,curd,pip fruit,other vegetables,sausage,,
butter,soda,pip fruit,,,,,,,
pork,chicken,soda,fruit/vegetable juice,domestic eggs,,,,,
whipped/sour cream,chicken,shopping bags,fruit/vegetable juice,soda,cream cheese,pip fruit,margarine,,
ice cream,pastry,other vegetables,domestic eggs,,,,,,
other vegetables,,,,,,,,,
sausage,hamburger meat,other vegetables,detergent,domestic eggs,,,,,
detergent,shopping bags,soda,newspapers,,,,,,
chicken,butter,,,,,,,,
ice cream,yogurt,soda,brown bread,whole milk,newspapers,,,,
brown bread,yogurt,ice cream,napkins,newspapers,detergent,,,,
domestic eggs,tropical fruit,brown bread,curd,,,,,,
tropical fruit,chicken,coffee,brown bread,,,,,,
newspapers,domestic eggs,coffee,fruit/vegetable juice,root vegetables,bottled water,butter,sausage,,
butter,root vegetables,yogurt,whole milk,chicken,bottled water,,,,
brown bread,fruit/vegetable juice,whole milk,ice cream,whipped/sour cream,butter,bottled water,margarine,sausage,shopping bags
hamburger meat,fruit/vegetable juice,whole milk,tropical fruit,,,,,,
citrus fruit,whipped/sour cream,pip fruit,shopping bags,brown bread,,,,,
root vegetables,whipped/sour cream,,,,,,,,
frozen vegetables,root vegetables,soda,coffee,napkins,chicken,curd,fruit/vegetable juice,,
curd,rolls/buns,citrus fruit,pip fruit,detergent,domestic eggs,,,,
butter,cream cheese,,,,,,,,
brown bread,domestic eggs,tropical fruit,root vegetables,coffee,other vegetables,,,,
butter,yogurt,citrus fruit,ice cream,pip fruit,pork,cream cheese,,,
tropical fruit,ice cream,brown bread,fruit/vegetable juice,newspapers,,,,,
pastry,chicken,tropical fruit,newspapers,citrus fruit,margarine,pip fruit,hamburger meat,whipped/sour cream,
bottled water,,,,,,,,,
domestic eggs,root vegetables,pip fruit,coffee,napkins,yogurt,shopping bags,rolls/buns,margarine,chicken
newspapers,whole milk,rolls/buns,margarine,domestic eggs,,,,,
other vegetables,,,,,,,,,
chicken,whole milk,pork,pip fruit,rolls/buns,curd,fruit/vegetable juice,detergent,,
domestic eggs,pip fruit,,,,,,,,
chicken,sausage,coffee,whole milk,margarine,frozen vegetables,rolls/buns,,,
frozen vegetables,margarine,chicken,ice cream,pastry,pork,napkins,cream cheese,citrus fruit,
coffee,whipped/sour cream,curd,butter,,,,,,
newspapers,curd,butter,bottled water,tropical fruit,ice cream,pip fruit,,,
shopping bags,napkins,newspapers,cream cheese,bottled water,tropical fruit,,,,
sausage,yogurt,citrus fruit,butter,shopping bags,hamburger meat,whole milk,whipped/sour cream,,
other vegetables,curd,hamburger meat,yogurt,citrus fruit,whole milk,tropical fruit,shopping bags,detergent,
yogurt,pastry,shopping bags,ice cream,root vegetables,curd,margarine,coffee,,
hamburger meat,whole milk,detergent,rolls/buns,soda,curd,margarine,pip fruit,citrus fruit,chicken
root vegetables,yogurt,pork,whipped/sour cream,chicken,shopping bags,coffee,,,
bottled water,,,,,,,,,
ice cream,whipped/sour cream,chicken,butter,,,,,,
tropical fruit,pip fruit,newspapers,,,,,,,
rolls/buns,whipped/sour cream,,,,,,,,
cream cheese,butter,chicken,pastry,napkins,shopping bags,,,,
citrus fruit,pastry,brown bread,napkins,pip fruit,sausage,fruit/vegetable juice,margarine,soda,shopping bags
detergent,,,,,,,,,
hamburger meat,shopping bags,margarine,rolls/buns,cream cheese,ice cream,fruit/vegetable juice,napkins,,
frozen vegetables,domestic eggs,tropical fruit,margarine,napkins,coffee,fruit/vegetable juice,ice cream,hamburger meat,
yogurt,soda,sausage,pastry,butter,rolls/buns,shopping bags,,,
citrus fruit,pork,fruit/vegetable juice,tropical fruit,other vegetables,detergent,,,,
margarine,root vegetables,citrus fruit,brown bread,,,,,,
fruit/vegetable juice,root vegetables,frozen vegetables,newspapers,coffee,hamburger meat,shopping bags,,,
hamburger meat,shopping bags,pastry,soda,,,,,,
pork,cream cheese,citrus fruit,whipped/sour cream,sausage,shopping bags,newspapers,margarine,chicken,root vegetables
whipped/sour cream,,,,,,,,,
whipped/sour cream,,,,,,,,,
curd,hamburger meat,bottled water,rolls/buns,whole milk,,,,,
other vegetables,fruit/vegetable juice,whipped/sour cream,yogurt,cream cheese,sausage,citrus fruit,,,
ice cream,butter,margarine,detergent,curd,chicken,citrus fruit,,,
brown bread,detergent,shopping bags,curd,frozen vegetables,tropical fruit,chicken,,,
margarine,newspapers,,,,,,,,
tropical fruit,hamburger meat,whipped/sour cream,newspapers,other vegetables,soda,napkins,,,
detergent,shopping bags,,,,,,,,
whipped/sour cream,margarine,brown bread,yogurt,shopping bags,frozen vegetables,domestic eggs,,,
soda,ice cream,domestic eggs,butter,shopping bags,sausage,pastry,coffee,frozen vegetables,
ice cream,domestic eggs,coffee,whole milk,butter,root vegetables,sausage,yogurt,,
napkins,curd,margarine,soda,shopping bags,brown bread,rolls/buns,hamburger meat,cream cheese,
yogurt,brown bread,root vegetables,hamburger meat,whipped/sour cream,pastry,ice cream,cream cheese,frozen vegetables,bottled water
tropical fruit,newspapers,bottled water,coffee,butter,curd,soda,pip fruit,yogurt,ice cream
butter,citrus fruit,chicken,frozen vegetables,sausage,whipped/sour cream,shopping bags,fruit/vegetable juice,yogurt,
newspapers,frozen vegetables,tropical fruit,hamburger meat,bottled water,napkins,,,,
whipped/sour cream,citrus fruit,root vegetables,whole milk,newspapers,soda,butter,sausage,,
pip fruit,tropical fruit,ice cream,root vegetables,rolls/buns,fruit/vegetable juice,curd,,,
napkins,curd,citrus fruit,,,,,,,
cream cheese,root vegetables,ice cream,rolls/buns,curd,domestic eggs,pork,chicken,pastry,
detergent,brown bread,bottled water,,,,,,,
bottled water,coffee,pip fruit,frozen vegetables,whole milk,ice cream,rolls/buns,,,
butter,brown bread,domestic eggs,detergent,soda,frozen vegetables,,,,
citrus fruit,newspapers,coffee,frozen vegetables,soda,margarine,detergent,curd,,
chicken,pastry,frozen vegetables,soda,bottled water,,,,,
ice cream,sausage,fruit/vegetable juice,,,,,,,
frozen vegetables,cream cheese,,,,,,,,
fruit/vegetable juice,newspapers,shopping bags,,,,,,,
yogurt,cream cheese,whole milk,fruit/vegetable juice,pastry,pip fruit,curd,,,
detergent,citrus fruit,pork,,,,,,,
soda,whipped/sour cream,fruit/vegetable juice,napkins,,,,,,
pastry,shopping bags,margarine,pip fruit,butter,,,,,
pastry,,,,,,,,,
hamburger meat,napkins,citrus fruit,butter,whole milk,tropical fruit,ice cream,yogurt,detergent,rolls/buns
soda,margarine,detergent,ice cream,napkins,tropical fruit,bottled water,citrus fruit,,
curd,detergent,yogurt,pastry,,,,,,
pastry,shopping bags,sausage,butter,detergent,domestic eggs,rolls/buns,fruit/vegetable juice,,
cream cheese,curd,pork,,,,,,,
brown bread,chicken,curd,soda,,,,,,
detergent,,,,,,,,,
sausage,chicken,yogurt,newspapers,domestic eggs,root vegetables,shopping bags,,,
root vegetables,hamburger meat,detergent,whipped/sour cream,bottled water,,,,,
detergent,frozen vegetables,soda,ice cream,,,,,,
coffee,pork,whole milk,brown bread,pastry,domestic eggs,tropical fruit,detergent,,
brown bread,other vegetables,pastry,shopping bags,whole milk,bottled water,detergent,ice cream,chicken,rolls/buns
citrus fruit,,,,,,,,,
citrus fruit,brown bread,cream cheese,margarine,whipped/sour cream,,,,,
fruit/vegetable juice,pork,rolls/buns,citrus fruit,frozen vegetables,pastry,,,,
brown bread,cream cheese,frozen vegetables,sausage,,,,,,
sausage,pastry,rolls/buns,chicken,detergent,other vegetables,bottled water,shopping bags,butter,
bottled water,root vegetables,cream cheese,pip fruit,,,,,,
butter,,,,,,,,,
yogurt,rolls/buns,citrus fruit,curd,pork,whipped/sour cream,brown bread,tropical fruit,,
curd,citrus fruit,pip fruit,,,,,,,
shopping bags,hamburger meat,cream cheese,frozen vegetables,bottled water,root vegetables,whole milk,detergent,,
curd,,,,,,,,,
whipped/sour cream,ice cream,pastry,rolls/buns,margarine,coffee,shopping bags,pip fruit,whole milk,napkins
newspapers,brown bread,coffee,root vegetables,hamburger meat,rolls/buns,soda,tropical fruit,fruit/vegetable juice,bottled water
fruit/vegetable juice,napkins,whipped/sour cream,soda,margarine,detergent,sausage,shopping bags,frozen vegetables,cream cheese
pastry,frozen vegetables,,,,,,,,
fruit/vegetable juice,frozen vegetables,sausage,pork,domestic eggs,,,,,
chicken,citrus fruit,,,,,,,,
frozen vegetables,,,,,,,,,
newspapers,frozen vegetables,curd,pip fruit,yogurt,root vegetables,domestic eggs,cream cheese,ice cream,margarine
yogurt,root vegetables,domestic eggs,hamburger meat,brown bread,,,,,
tropical fruit,rolls/buns,,,,,,,,
pip fruit,rolls/buns,yogurt,ice cream,citrus fruit,cream cheese,other vegetables,tropical fruit,pastry,
margarine,bottled water,coffee,root vegetables,frozen vegetables,newspapers,pip fruit,,,
whipped/sour cream,other vegetables,sausage,,,,,,,
pip fruit,domestic eggs,cream cheese,soda,brown bread,tropical fruit,newspapers,,,
frozen vegetables,,,,,,,,,
pip fruit,yogurt,hamburger meat,,,,,,,
domestic eggs,curd,hamburger meat,whipped/sour cream,other vegetables,shopping bags,frozen vegetables,fruit/vegetable juice,sausage,
sausage,whole milk,curd,hamburger meat,,,,,,
shopping bags,soda,butter,root vegetables,bottled water,sausage,whole milk,brown bread,domestic eggs,whipped/sour cream
pork,shopping bags,root vegetables,curd,bottled water,fruit/vegetable juice,,,,
margarine,rolls/buns,,,,,,,,
margarine,tropical fruit,citrus fruit,rolls/buns,curd,yogurt,shopping bags,chicken,,
whole milk,sausage,hamburger meat,butter,,,,,,
ice cream,,,,,,,,,
soda,hamburger meat,whipped/sour cream,citrus fruit,,,,,,
cream cheese,newspapers,,,,,,,,
curd,root vegetables,,,,,,,,
domestic eggs,citrus fruit,pastry,frozen vegetables,coffee,rolls/buns,curd,sausage,margarine,napkins
root vegetables,pastry,tropical fruit,napkins,cream cheese,ice cream,curd,detergent,shopping bags,
brown bread,bottled water,sausage,pork,root vegetables,hamburger meat,,,,
root vegetables,whole milk,napkins,shopping bags,detergent,butter,citrus fruit,margarine,chicken,
whipped/sour cream,pastry,fruit/vegetable juice,rolls/buns,margarine,napkins,pip fruit,root vegetables,yogurt,soda
root vegetables,pork,hamburger meat,butter,coffee,,,,,
sausage,root vegetables,,,,,,,,
coffee,fruit/vegetable juice,cream cheese,rolls/buns,yogurt,newspapers,pork,,,
margarine,pastry,fruit/vegetable juice,,,,,,,
margarine,soda,detergent,whole milk,cream cheese,hamburger meat,pip fruit,tropical fruit,ice cream,
margarine,soda,domestic eggs,,,,,,,
fruit/vegetable juice,whole milk,sausage,margarine,curd,root vegetables,pork,brown bread,citrus fruit,coffee
yogurt,whipped/sour cream,butter,,,,,,,
whole milk,hamburger meat,bottled water,whipped/sour cream,butter,curd,root vegetables,pastry,,
whipped/sour cream,chicken,shopping bags,newspapers,ice cream,margarine,pip fruit,root vegetables,citrus fruit,soda
citrus fruit,yogurt,chicken,pip fruit,coffee,,,,,
other vegetables,detergent,bottled water,curd,cream cheese,ice cream,citrus fruit,root vegetables,pip fruit,margarine
chicken,yogurt,frozen vegetables,tropical fruit,newspapers,detergent,shopping bags,,,
shopping bags,cream cheese,coffee,ice cream,napkins,brown bread,domestic eggs,root vegetables,,
pastry,rolls/buns,butter,chicken,domestic eggs,root vegetables,cream cheese,detergent,other vegetables,
tropical fruit,whole milk,bottled water,,,,,,,
soda,curd,rolls/buns,ice cream,frozen vegetables,yogurt,,,,
soda,brown bread,chicken,bottled water,pip fruit,coffee,pork,napkins,,
soda,fruit/vegetable juice,shopping bags,margarine,pip fruit,rolls/buns,,,,
ice cream,curd,coffee,soda,whipped/sour cream,napkins,cream cheese,citrus fruit,yogurt,pip fruit
ice cream,root vegetables,pip fruit,shopping bags,domestic eggs,tropical fruit,soda,whole milk,,
shopping bags,soda,newspapers,brown bread,whole milk,other vegetables,cream cheese,sausage,,
tropical fruit,hamburger meat,detergent,,,,,,,
margarine,sausage,frozen vegetables,rolls/buns,curd,pork,chicken,bottled water,citrus fruit,
shopping bags,soda,hamburger meat,frozen vegetables,citrus fruit,,,,,
napkins,margarine,citrus fruit,domestic eggs,,,,,,
sausage,yogurt,whipped/sour cream,cream cheese,tropical fruit,shopping bags,,,,
curd,detergent,bottled water,soda,,,,,,
citrus fruit,newspapers,shopping bags,rolls/buns,cream cheese,brown bread,pork,coffee,frozen vegetables,
domestic eggs,curd,bottled water,detergent,brown bread,,,,,
hamburger meat,tropical fruit,yogurt,whipped/sour cream,chicken,newspapers,,,,
pork,frozen vegetables,detergent,yogurt,pip fruit,whipped/sour cream,cream cheese,,,
bottled water,chicken,whipped/sour cream,sausage,shopping bags,,,,,
detergent,whole milk,hamburger meat,chicken,bottled water,brown bread,rolls/buns,,,
curd,whipped/sour cream,cream cheese,citrus fruit,,,,,,
brown bread,,,,,,,,,
root vegetables,napkins,ice cream,frozen vegetables,tropical fruit,,,,,
margarine,pip fruit,brown bread,whole milk,fruit/vegetable juice,,,,,
sausage,shopping bags,,,,,,,,
newspapers,chicken,rolls/buns,cream cheese,hamburger meat,,,,,
chicken,curd,newspapers,coffee,frozen vegetables,domestic eggs,fruit/vegetable juice,cream cheese,sausage,
fruit/vegetable juice,cream cheese,pastry,frozen vegetables,,,,,,
pork,curd,citrus fruit,,,,,,,
shopping bags,sausage,rolls/buns,cream cheese,frozen vegetables,whipped/sour cream,napkins,fruit/vegetable juice,pip fruit,brown bread
other vegetables,,,,,,,,,
sausage,chicken,newspapers,coffee,butter,other vegetables,pastry,,,
newspapers,butter,frozen vegetables,soda,chicken,bottled water,ice cream,whipped/sour cream,detergent,
cream cheese,butter,pork,whole milk,domestic eggs,detergent,curd,,,
napkins,soda,butter,,,,,,,
soda,newspapers,pip fruit,rolls/buns,other vegetables,,,,,
butter,brown bread,newspapers,bottled water,frozen vegetables,other vegetables,hamburger meat,,,
tropical fruit,rolls/buns,whipped/sour cream,,,,,,,
pip fruit,bottled water,shopping bags,sausage,rolls/buns,fruit/vegetable juice,margarine,pastry,soda,pork
other vegetables,root vegetables,frozen vegetables,brown bread,,,,,,
soda,curd,citrus fruit,newspapers,fruit/vegetable juice,domestic eggs,,,,
pastry,domestic eggs,soda,yogurt,bottled water,brown bread,,,,
rolls/buns,domestic eggs,whole milk,yogurt,pork,,,,,
other vegetables,frozen vegetables,chicken,newspapers,butter,,,,,
shopping bags,fruit/vegetable juice,pip fruit,chicken,margarine,other vegetables,whipped/sour cream,curd,domestic eggs,
pork,tropical fruit,margarine,other vegetables,whipped/sour cream,,,,,
detergent,whipped/sour cream,pork,root vegetables,brown bread,domestic eggs,whole milk,,,
shopping bags,rolls/buns,brown bread,sausage,,,,,,
brown bread,whole milk,pork,detergent,pip fruit,newspapers,coffee,cream cheese,,
sausage,whipped/sour cream,ice cream,,,,,,,
newspapers,fruit/vegetable juice,shopping bags,sausage,coffee,frozen vegetables,napkins,soda,citrus fruit,pip fruit
coffee,,,,,,,,,
bottled water,,,,,,,,,
detergent,tropical fruit,napkins,,,,,,,
pastry,ice cream,domestic eggs,,,,,,,
shopping bags,whipped/sour cream,frozen vegetables,yogurt,root vegetables,whole milk,,,,
coffee,other vegetables,detergent,whole milk,,,,,,
pastry,margarine,shopping bags,pork,coffee,bottled water,other vegetables,butter,,
cream cheese,soda,tropical fruit,other vegetables,,,,,,
fruit/vegetable juice,napkins,tropical fruit,,,,,,,
sausage,citrus fruit,newspapers,pastry,ice cream,brown bread,margarine,frozen vegetables,chicken,
yogurt,pork,butter,whipped/sour cream,root vegetables,,,,,
citrus fruit,tropical fruit,,,,,,,,
newspapers,rolls/buns,whipped/sour cream,soda,sausage,whole milk,tropical fruit,bottled water,,
margarine,frozen vegetables,citrus fruit,,,,,,,
pastry,tropical fruit,yogurt,root vegetables,hamburger meat,,,,,
hamburger meat,detergent,shopping bags,pip fruit,coffee,ice cream,bottled water,pastry,,
newspapers,pork,yogurt,domestic eggs,curd,butter,frozen vegetables,,,
root vegetables,ice cream,chicken,soda,whipped/sour cream,cream cheese,tropical fruit,,,
tropical fruit,frozen vegetables,coffee,fruit/vegetable juice,whipped/sour cream,whole milk,yogurt,newspapers,soda,citrus fruit
tropical fruit,root vegetables,pip fruit,margarine,whipped/sour cream,napkins,ice cream,butter,pork,
frozen vegetables,soda,butter,,,,,,,
pip fruit,margarine,frozen vegetables,other vegetables,,,,,,
citrus fruit,frozen vegetables,hamburger meat,whole milk,pastry,detergent,chicken,brown bread,,
yogurt,sausage,,,,,,,,
pastry,,,,,,,,,
root vegetables,cream cheese,brown bread,hamburger meat,citrus fruit,bottled water,ice cream,other vegetables,yogurt,
soda,detergent,,,,,,,,
domestic eggs,,,,,,,,,
yogurt,sausage,whipped/sour cream,pastry,other vegetables,root vegetables,citrus fruit,margarine,pip fruit,
tropical fruit,bottled water,yogurt,root vegetables,pork,pip fruit,detergent,pastry,,
butter,rolls/buns,,,,,,,,
whole milk,domestic eggs,bottled water,rolls/buns,citrus fruit,whipped/sour cream,pork,yogurt,root vegetables,
frozen vegetables,brown bread,newspapers,tropical fruit,root vegetables,fruit/vegetable juice,rolls/buns,,,
hamburger meat,cream cheese,rolls/buns,yogurt,,,,,,
sausage,pip fruit,fruit/vegetable juice,butter,yogurt,detergent,shopping bags,whole milk,bottled water,frozen vegetables
soda,hamburger meat,ice cream,yogurt,pork,detergent,,,,
curd,margarine,citrus fruit,coffee,fruit/vegetable juice,napkins,hamburger meat,,,
curd,,,,,,,,,
root vegetables,pork,shopping bags,,,,,,,
coffee,newspapers,domestic eggs,root vegetables,fruit/vegetable juice,citrus fruit,pip fruit,margarine,butter,tropical fruit
shopping bags,other vegetables,,,,,,,,
fruit/vegetable juice,domestic eggs,bottled water,rolls/buns,whipped/sour cream,,,,,
soda,other vegetables,shopping bags,hamburger meat,curd,fruit/vegetable juice,domestic eggs,pastry,root vegetables,
pip fruit,chicken,tropical fruit,other vegetables,shopping bags,napkins,root vegetables,curd,hamburger meat,
hamburger meat,fruit/vegetable juice,whole milk,other vegetables,domestic eggs,,,,,
ice cream,hamburger meat,rolls/buns,napkins,cream cheese,,,,,
hamburger meat,shopping bags,cream cheese,bottled water,pork,margarine,ice cream,citrus fruit,,
rolls/buns,bottled water,frozen vegetables,napkins,shopping bags,,,,,
tropical fruit,rolls/buns,curd,newspapers,pork,pastry,other vegetables,citrus fruit,,
sausage,rolls/buns,whipped/sour cream,brown bread,pastry,cream cheese,,,,
detergent,,,,,,,,,
sausage,ice cream,soda,cream cheese,fruit/vegetable juice,,,,,
pork,margarine,shopping bags,root vegetables,other vegetables,coffee,newspapers,,,
curd,whipped/sour cream,butter,pip fruit,sausage,domestic eggs,chicken,hamburger meat,,
sausage,pip fruit,tropical fruit,hamburger meat,soda,napkins,other vegetables,ice cream,whipped/sour cream,
margarine,tropical fruit,whole milk,brown bread,yogurt,citrus fruit,whipped/sour cream,,,
tropical fruit,chicken,rolls/buns,other vegetables,root vegetables,whole milk,bottled water,ice cream,soda,butter
pip fruit,coffee,ice cream,,,,,,,
yogurt,,,,,,,,,
butter,,,,,,,,,
detergent,newspapers,hamburger meat,butter,,,,,,
pastry,domestic eggs,citrus fruit,soda,root vegetables,rolls/buns,frozen vegetables,,,
whole milk,,,,,,,,,
sausage,newspapers,rolls/buns,shopping bags,yogurt,coffee,ice cream,brown bread,detergent,
frozen vegetables,root vegetables,pork,butter,hamburger meat,domestic eggs,citrus fruit,ice cream,pip fruit,pastry
pork,soda,frozen vegetables,root vegetables,domestic eggs,,,,,
frozen vegetables,curd,whipped/sour cream,,,,,,,
frozen vegetables,other vegetables,butter,,,,,,,
brown bread,,,,,,,,,
detergent,butter,bottled water,other vegetables,domestic eggs,pip fruit,citrus fruit,,,
pip fruit,rolls/buns,ice cream,whole milk,bottled water,napkins,tropical fruit,detergent,margarine,pastry
coffee,newspapers,hamburger meat,tropical fruit,,,,,,
whipped/sour cream,ice cream,hamburger meat,shopping bags,rolls/buns,citrus fruit,bottled water,fruit/vegetable juice,detergent,butter
whole milk,root vegetables,soda,curd,rolls/buns,,,,,
pip fruit,curd,fruit/vegetable juice,rolls/buns,newspapers,,,,,
shopping bags,coffee,ice cream,whipped/sour cream,other vegetables,yogurt,frozen vegetables,whole milk,chicken,brown bread
pip fruit,citrus fruit,coffee,whole milk,,,,,,
soda,brown bread,curd,hamburger meat,detergent,,,,,
butter,,,,,,,,,
coffee,pastry,yogurt,root vegetables,bottled water,butter,,,,
rolls/buns,detergent,napkins,,,,,,,
shopping bags,,,,,,,,,
ice cream,sausage,shopping bags,butter,detergent,other vegetables,yogurt,,,
hamburger meat,whole milk,newspapers,,,,,,,
sausage,,,,,,,,,
shopping bags,ice cream,bottled water,butter,,,,,,
soda,hamburger meat,other vegetables,,,,,,,
newspapers,,,,,,,,,
frozen vegetables,whipped/sour cream,pastry,hamburger meat,domestic eggs,cream cheese,,,,
rolls/buns,pork,curd,whole milk,napkins,cream cheese,detergent,brown bread,fruit/vegetable juice,margarine
napkins,fruit/vegetable juice,rolls/buns,whipped/sour cream,,,,,,
ice cream,hamburger meat,,,,,,,,
rolls/buns,whole milk,chicken,,,,,,,
margarine,whipped/sour cream,newspapers,napkins,ice cream,tropical fruit,shopping bags,whole milk,root vegetables,pork
root vegetables,detergent,pip fruit,sausage,brown bread,shopping bags,cream cheese,soda,,
margarine,pork,yogurt,newspapers,tropical fruit,rolls/buns,bottled water,domestic eggs,other vegetables,
margarine,root vegetables,bottled water,tropical fruit,newspapers,frozen vegetables,sausage,brown bread,,
chicken,tropical fruit,margarine,frozen vegetables,whipped/sour cream,brown bread,curd,hamburger meat,,
coffee,citrus fruit,napkins,pork,whipped/sour cream,domestic eggs,yogurt,tropical fruit,,
pastry,newspapers,coffee,napkins,sausage,curd,tropical fruit,fruit/vegetable juice,whipped/sour cream,domestic eggs
newspapers,coffee,butter,chicken,tropical fruit,pork,margarine,,,
chicken,bottled water,soda,brown bread,,,,,,
soda,whipped/sour cream,sausage,brown bread,napkins,,,,,
brown bread,pastry,newspapers,hamburger meat,citrus fruit,margarine,whipped/sour cream,yogurt,domestic eggs,
shopping bags,domestic eggs,,,,,,,,
pip fruit,cream cheese,citrus fruit,soda,pork,fruit/vegetable juice,coffee,domestic eggs,,
napkins,,,,,,,,,
pastry,cream cheese,root vegetables,other vegetables,napkins,fruit/vegetable juice,chicken,margarine,,
soda,butter,coffee,shopping bags,margarine,rolls/buns,whipped/sour cream,newspapers,brown bread,
pastry,brown bread,newspapers,soda,napkins,tropical fruit,chicken,whipped/sour cream,curd,
fruit/vegetable juice,sausage,shopping bags,,,,,,,
cream cheese,whole milk,citrus fruit,root vegetables,fruit/vegetable juice,hamburger meat,whipped/sour cream,detergent,,
fruit/vegetable juice,shopping bags,pastry,frozen vegetables,domestic eggs,coffee,brown bread,other vegetables,,
pip fruit,whole milk,shopping bags,fruit/vegetable juice,brown bread,,,,,
tropical fruit,root vegetables,yogurt,,,,,,,
hamburger meat,pip fruit,pastry,newspapers,,,,,,
rolls/buns,yogurt,pastry,sausage,curd,ice cream,hamburger meat,,,
curd,sausage,fruit/vegetable juice,,,,,,,
citrus fruit,whipped/sour cream,detergent,rolls/buns,,,,,,
whole milk,,,,,,,,,
pip fruit,rolls/buns,detergent,,,,,,,
coffee,,,,,,,,,
rolls/buns,hamburger meat,pip fruit,,,,,,,
pork,pip fruit,root vegetables,whipped/sour cream,hamburger meat,,,,,
chicken,,,,,,,,,
yogurt,detergent,other vegetables,domestic eggs,shopping bags,frozen vegetables,pip fruit,tropical fruit,pastry,
pastry,butter,other vegetables,frozen vegetables,curd,shopping bags,soda,chicken,tropical fruit,whole milk
pip fruit,margarine,yogurt,,,,,,,
frozen vegetables,domestic eggs,whole milk,,,,,,,
other vegetables,whipped/sour cream,tropical fruit,yogurt,frozen vegetables,butter,chicken,ice cream,,
brown bread,root vegetables,,,,,,,,
pastry,domestic eggs,frozen vegetables,rolls/buns,hamburger meat,pork,curd,tropical fruit,coffee,
frozen vegetables,margarine,root vegetables,,,,,,,
cream cheese,napkins,,,,,,,,
soda,pork,rolls/buns,domestic eggs,frozen vegetables,,,,,
other vegetables,sausage,brown bread,pip fruit,frozen vegetables,,,,,
bottled water,whole milk,fruit/vegetable juice,shopping bags,coffee,newspapers,yogurt,napkins,,
pork,tropical fruit,napkins,hamburger meat,whole milk,margarine,soda,domestic eggs,shopping bags,sausage
citrus fruit,curd,rolls/buns,butter,shopping bags,pastry,brown bread,bottled water,,
pip fruit,cream cheese,brown bread,ice cream,domestic eggs,,,,,
butter,margarine,other vegetables,,,,,,,
yogurt,sausage,hamburger meat,,,,,,,
citrus fruit,pastry,sausage,tropical fruit,other vegetables,whole milk,yogurt,,,
other vegetables,pip fruit,cream cheese,root vegetables,pork,yogurt,,,,
ice cream,soda,whipped/sour cream,newspapers,margarine,fruit/vegetable juice,,,,
pip fruit,napkins,chicken,,,,,,,
coffee,tropical fruit,hamburger meat,whole milk,soda,root vegetables,curd,bottled water,domestic eggs,
coffee,,,,,,,,,
coffee,frozen vegetables,pastry,other vegetables,margarine,curd,napkins,ice cream,tropical fruit,newspapers
margarine,detergent,brown bread,curd,shopping bags,,,,,
hamburger meat,frozen vegetables,cream cheese,ice cream,other vegetables,,,,,
rolls/buns,whipped/sour cream,domestic eggs,fruit/vegetable juice,,,,,,
chicken,newspapers,sausage,napkins,cream cheese,,,,,
pastry,tropical fruit,pip fruit,sausage,soda,chicken,butter,whipped/sour cream,brown bread,yogurt
curd,rolls/buns,whipped/sour cream,frozen vegetables,citrus fruit,,,,,
root vegetables,cream cheese,,,,,,,,
brown bread,detergent,pork,margarine,,,,,,
chicken,root vegetables,yogurt,other vegetables,curd,hamburger meat,cream cheese,rolls/buns,whipped/sour cream,
soda,ice cream,brown bread,root vegetables,chicken,fruit/vegetable juice,frozen vegetables,,,
pork,domestic eggs,pip fruit,other vegetables,,,,,,
fruit/vegetable juice,brown bread,pork,whipped/sour cream,,,,,,
citrus fruit,coffee,pastry,pork,,,,,,
soda,,,,,,,,,
newspapers,whipped/sour cream,soda,,,,,,,
rolls/buns,newspapers,frozen vegetables,curd,brown bread,sausage,chicken,cream cheese,other vegetables,
cream cheese,margarine,,,,,,,,
newspapers,hamburger meat,coffee,,,,,,,
rolls/buns,cream cheese,brown bread,other vegetables,whipped/sour cream,pastry,newspapers,bottled water,root vegetables,napkins
root vegetables,butter,,,,,,,,
cream cheese,curd,shopping bags,fruit/vegetable juice,domestic eggs,rolls/buns,citrus fruit,,,
rolls/buns,whole milk,fruit/vegetable juice,cream cheese,bottled water,ice cream,,,,
curd,,,,,,,,,
root vegetables,pork,chicken,,,,,,,
shopping bags,curd,newspapers,citrus fruit,frozen vegetables,yogurt,detergent,soda,ice cream,tropical fruit
coffee,butter,tropical fruit,soda,shopping bags,hamburger meat,brown bread,whipped/sour cream,,
shopping bags,,,,,,,,,
curd,pork,shopping bags,tropical fruit,citrus fruit,domestic eggs,soda,pip fruit,rolls/buns,
soda,whipped/sour cream,hamburger meat,sausage,frozen vegetables,coffee,pip fruit,other vegetables,bottled water,curd
chicken,napkins,,,,,,,,
other vegetables,whole milk,newspapers,pork,yogurt,citrus fruit,domestic eggs,chicken,,
citrus fruit,napkins,sausage,pip fruit,,,,,,
hamburger meat,napkins,chicken,whipped/sour cream,,,,,,
rolls/buns,newspapers,chicken,fruit/vegetable juice,,,,,,
whole milk,cream cheese,,,,,,,,
napkins,,,,,,,,,
rolls/buns,yogurt,margarine,hamburger meat,bottled water,citrus fruit,tropical fruit,pastry,,
sausage,,,,,,,,,
newspapers,brown bread,frozen vegetables,butter,margarine,sausage,whipped/sour cream,coffee,,
root vegetables,napkins,cream cheese,,,,,,,
ice cream,whipped/sour cream,fruit/vegetable juice,cream cheese,brown bread,,,,,
citrus fruit,butter,brown bread,shopping bags,,,,,,
curd,frozen vegetables,coffee,soda,,,,,,
sausage,newspapers,fruit/vegetable juice,domestic eggs,other vegetables,cream cheese,,,,
yogurt,bottled water,pork,brown bread,shopping bags,fruit/vegetable juice,whole milk,chicken,,
citrus fruit,chicken,brown bread,curd,pip fruit,whole milk,tropical fruit,coffee,sausage,fruit/vegetable juice
sausage,whipped/sour cream,butter,yogurt,chicken,ice cream,tropical fruit,brown bread,newspapers,
yogurt,ice cream,other vegetables,frozen vegetables,bottled water,coffee,domestic eggs,curd,soda,napkins
sausage,coffee,,,,,,,,
root vegetables,whipped/sour cream,,,,,,,,
pastry,detergent,shopping bags,,,,,,,
rolls/buns,coffee,soda,detergent,frozen vegetables,,,,,
frozen vegetables,sausage,yogurt,whole milk,shopping bags,brown bread,curd,,,
pork,whipped/sour cream,,,,,,,,
rolls/buns,brown bread,root vegetables,sausage,ice cream,hamburger meat,fruit/vegetable juice,pastry,yogurt,bottled water
domestic eggs,yogurt,cream cheese,coffee,rolls/buns,,,,,
cream cheese,brown bread,margarine,soda,,,,,,
pastry,,,,,,,,,
fruit/vegetable juice,rolls/buns,frozen vegetables,whipped/sour cream,whole milk,other vegetables,sausage,soda,,
sausage,hamburger meat,,,,,,,,
pastry,fruit/vegetable juice,sausage,detergent,bottled water,,,,,
hamburger meat,pork,,,,,,,,
brown bread,napkins,margarine,pork,,,,,,
ice cream,pork,soda,napkins,whole milk,,,,,
hamburger meat,soda,pip fruit,,,,,,,
margarine,other vegetables,pork,pastry,bottled water,fruit/vegetable juice,brown bread,,,
root vegetables,other vegetables,sausage,coffee,pip fruit,bottled water,fruit/vegetable juice,,,
chicken,butter,other vegetables,frozen vegetables,whole milk,detergent,,,,
whole milk,shopping bags,,,,,,,,
newspapers,bottled water,ice cream,soda,brown bread,chicken,sausage,,,
chicken,pork,fruit/vegetable juice,butter,brown bread,pip fruit,,,,
bottled water,rolls/buns,brown bread,detergent,margarine,newspapers,,,,
butter,,,,,,,,,
rolls/buns,ice cream,tropical fruit,brown bread,,,,,,
pork,bottled water,domestic eggs,brown bread,root vegetables,whole milk,tropical fruit,other vegetables,chicken,
coffee,newspapers,yogurt,pork,,,,,,
hamburger meat,bottled water,rolls/buns,frozen vegetables,tropical fruit,chicken,napkins,margarine,butter,whipped/sour cream
frozen vegetables,butter,napkins,fruit/vegetable juice,sausage,detergent,shopping bags,pip fruit,,
sausage,soda,domestic eggs,whole milk,chicken,frozen vegetables,,,,
pastry,ice cream,yogurt,,,,,,,
pastry,coffee,pork,sausage,tropical fruit,whipped/sour cream,root vegetables,margarine,whole milk,
pastry,detergent,,,,,,,,
rolls/buns,,,,,,,,,
other vegetables,whole milk,citrus fruit,rolls/buns,cream cheese,,,,,
other vegetables,detergent,yogurt,shopping bags,curd,butter,soda,pip fruit,bottled water,fruit/vegetable juice
chicken,pork,soda,sausage,,,,,,
other vegetables,soda,,,,,,,,
coffee,,,,,,,,,
shopping bags,tropical fruit,napkins,newspapers,chicken,whole milk,butter,,,
hamburger meat,tropical fruit,,,,,,,,
tropical fruit,citrus fruit,pork,newspapers,yogurt,root vegetables,whipped/sour cream,soda,detergent,
pork,,,,,,,,,
root vegetables,soda,citrus fruit,fruit/vegetable juice,rolls/buns,sausage,chicken,,,
yogurt,,,,,,,,,
napkins,ice cream,root vegetables,frozen vegetables,chicken,bottled water,pip fruit,curd,whole milk,
other vegetables,margarine,citrus fruit,pork,yogurt,detergent,cream cheese,,,
soda,chicken,sausage,whipped/sour cream,hamburger meat,bottled water,,,,
soda,domestic eggs,pip fruit,brown bread,hamburger meat,root vegetables,,,,
pastry,tropical fruit,whipped/sour cream,butter,,,,,,
soda,,,,,,,,,
fruit/vegetable juice,pork,rolls/buns,curd,other vegetables,margarine,detergent,bottled water,tropical fruit,
bottled water,fruit/vegetable juice,brown bread,detergent,sausage,ice cream,,,,
pork,butter,brown bread,chicken,other vegetables,rolls/buns,margarine,,,
napkins,,,,,,,,,
butter,,,,,,,,,
frozen vegetables,citrus fruit,hamburger meat,detergent,yogurt,coffee,brown bread,bottled water,pastry,
citrus fruit,detergent,fruit/vegetable juice,cream cheese,napkins,whole milk,pastry,pork,butter,coffee
rolls/buns,citrus fruit,butter,ice cream,,,,,,
whole milk,,,,,,,,,
whole milk,,,,,,,,,
bottled water,,,,,,,,,
curd,shopping bags,margarine,bottled water,root vegetables,soda,yogurt,napkins,sausage,
pip fruit,,,,,,,,,
napkins,yogurt,hamburger meat,newspapers,frozen vegetables,whipped/sour cream,,,,
cream cheese,bottled water,,,,,,,,
curd,hamburger meat,citrus fruit,fruit/vegetable juice,pip fruit,frozen vegetables,root vegetables,,,
whipped/sour cream,bottled water,cream cheese,pip fruit,frozen vegetables,tropical fruit,brown bread,,,
sausage,cream cheese,whole milk,soda,newspapers,yogurt,napkins,,,
pork,citrus fruit,root vegetables,pastry,bottled water,rolls/buns,shopping bags,brown bread,whole milk,
bottled water,detergent,soda,whipped/sour cream,napkins,rolls/buns,pastry,,,
hamburger meat,detergent,pastry,soda,bottled water,butter,tropical fruit,margarine,whole milk,fruit/vegetable juice
other vegetables,curd,domestic eggs,coffee,napkins,whole milk,chicken,,,
brown bread,ice cream,,,,,,,,
pork,chicken,bottled water,yogurt,curd,pastry,rolls/buns,frozen vegetables,coffee,newspapers
citrus fruit,tropical fruit,,,,,,,,
newspapers,chicken,other vegetables,napkins,,,,,,
yogurt,napkins,pastry,,,,,,,
pip fruit,butter,soda,fruit/vegetable juice,,,,,,
brown bread,yogurt,,,,,,,,
root vegetables,soda,pastry,bottled water,domestic eggs,rolls/buns,pip fruit,newspapers,,
butter,tropical fruit,,,,,,,,
napkins,,,,,,,,,
chicken,margarine,root vegetables,detergent,ice cream,curd,soda,cream cheese,other vegetables,
brown bread,citrus fruit,cream cheese,napkins,,,,,,
newspapers,yogurt,coffee,sausage,pastry,shopping bags,brown bread,butter,bottled water,
hamburger meat,,,,,,,,,
domestic eggs,other vegetables,,,,,,,,
napkins,domestic eggs,whipped/sour cream,sausage,fruit/vegetable juice,coffee,ice cream,shopping bags,citrus fruit,butter
sausage,hamburger meat,whipped/sour cream,,,,,,,
napkins,pastry,sausage,shopping bags,citrus fruit,,,,,
chicken,other vegetables,napkins,detergent,curd,,,,,
fruit/vegetable juice,,,,,,,,,
coffee,hamburger meat,whole milk,root vegetables,pip fruit,domestic eggs,bottled water,whipped/sour cream,,
newspapers,shopping bags,frozen vegetables,whipped/sour cream,detergent,,,,,
napkins,frozen vegetables,domestic eggs,shopping bags,tropical fruit,fruit/vegetable juice,ice cream,rolls/buns,,
frozen vegetables,,,,,,,,,
bottled water,cream cheese,ice cream,newspapers,domestic eggs,,,,,
other vegetables,napkins,ice cream,domestic eggs,frozen vegetables,whipped/sour cream,pastry,coffee,whole milk,
chicken,tropical fruit,curd,whole milk,newspapers,brown bread,pork,cream cheese,shopping bags,
shopping bags,napkins,rolls/buns,pork,newspapers,whole milk,frozen vegetables,fruit/vegetable juice,,
butter,,,,,,,,,
pip fruit,,,,,,,,,
domestic eggs,root vegetables,,,,,,,,
butter,margarine,rolls/buns,,,,,,,
napkins,domestic eggs,pastry,,,,,,,
fruit/vegetable juice,whole milk,yogurt,frozen vegetables,rolls/buns,soda,detergent,domestic eggs,shopping bags,pip fruit
yogurt,pastry,chicken,newspapers,napkins,rolls/buns,curd,,,
tropical fruit,margarine,,,,,,,,
chicken,other vegetables,pork,domestic eggs,pastry,,,,,
rolls/buns,chicken,cream cheese,pip fruit,sausage,curd,whole milk,pastry,,
coffee,pip fruit,hamburger meat,pastry,butter,bottled water,,,,
hamburger meat,brown bread,ice cream,,,,,,,
rolls/buns,other vegetables,pork,pastry,pip fruit,coffee,whipped/sour cream,root vegetables,yogurt,
root vegetables,bottled water,pork,yogurt,rolls/buns,sausage,newspapers,,,
napkins,brown bread,pork,citrus fruit,,,,,,
cream cheese,chicken,,,,,,,,
bottled water,margarine,shopping bags,pip fruit,newspapers,rolls/buns,sausage,detergent,pastry,curd
other vegetables,hamburger meat,butter,shopping bags,,,,,,
root vegetables,brown bread,domestic eggs,newspapers,curd,cream cheese,napkins,,,
frozen vegetables,cream cheese,brown bread,,,,,,,
other vegetables,whipped/sour cream,sausage,citrus fruit,detergent,curd,soda,ice cream,root vegetables,
other vegetables,butter,root vegetables,domestic eggs,pastry,newspapers,,,,
chicken,coffee,,,,,,,,
rolls/buns,other vegetables,,,,,,,,
newspapers,tropical fruit,whole milk,cream cheese,curd,frozen vegetables,,,,
napkins,,,,,,,,,
detergent,other vegetables,butter,citrus fruit,chicken,rolls/buns,frozen vegetables,,,
newspapers,pip fruit,yogurt,citrus fruit,sausage,fruit/vegetable juice,whole milk,bottled water,soda,
pip fruit,,,,,,,,,
chicken,frozen vegetables,pip fruit,ice cream,hamburger meat,curd,butter,root vegetables,sausage,tropical fruit
citrus fruit,domestic eggs,margarine,pip fruit,pastry,rolls/buns,shopping bags,,,
pork,,,,,,,,,
sausage,margarine,,,,,,,,
whipped/sour cream,pork,coffee,napkins,root vegetables,shopping bags,tropical fruit,,,
newspapers,frozen vegetables,margarine,hamburger meat,sausage,,,,,
fruit/vegetable juice,frozen vegetables,domestic eggs,brown bread,pastry,shopping bags,other vegetables,sausage,citrus fruit,
pork,pastry,whole milk,cream cheese,fruit/vegetable juice,newspapers,,,,
pip fruit,brown bread,,,,,,,,
cream cheese,frozen vegetables,domestic eggs,coffee,fruit/vegetable juice,napkins,whole milk,shopping bags,,
coffee,pip fruit,domestic eggs,pork,tropical fruit,brown bread,rolls/buns,napkins,frozen vegetables,bottled water
butter,citrus fruit,curd,,,,,,,
ice cream,sausage,domestic eggs,frozen vegetables,chicken,curd,,,,
other vegetables,,,,,,,,,
rolls/buns,sausage,cream cheese,bottled water,,,,,,
root vegetables,bottled water,pip fruit,tropical fruit,,,,,,
frozen vegetables,newspapers,other vegetables,fruit/vegetable juice,detergent,,,,,
brown bread,frozen vegetables,rolls/buns,coffee,pip fruit,tropical fruit,butter,domestic eggs,napkins,yogurt
ice cream,other vegetables,soda,tropical fruit,butter,hamburger meat,pork,frozen vegetables,yogurt,napkins
sausage,yogurt,citrus fruit,brown bread,,,,,,
root vegetables,domestic eggs,brown bread,hamburger meat,frozen vegetables,newspapers,shopping bags,,,
hamburger meat,citrus fruit,soda,detergent,,,,,,
ice cream,newspapers,domestic eggs,pip fruit,,,,,,
tropical fruit,chicken,sausage,yogurt,,,,,,
bottled water,napkins,brown bread,,,,,,,
bottled water,pork,soda,coffee,butter,domestic eggs,curd,shopping bags,,
fruit/vegetable juice,whipped/sour cream,coffee,,,,,,,
sausage,butter,,,,,,,,
soda,brown bread,fruit/vegetable juice,ice cream,rolls/buns,tropical fruit,detergent,newspapers,pork,
other vegetables,whole milk,citrus fruit,ice cream,pastry,fruit/vegetable juice,newspapers,bottled water,cream cheese,
butter,pip fruit,domestic eggs,root vegetables,whole milk,chicken,,,,
brown bread,whole milk,bottled water,chicken,pip fruit,fruit/vegetable juice,newspapers,pastry,butter,
ice cream,domestic eggs,rolls/buns,citrus fruit,other vegetables,sausage,newspapers,bottled water,yogurt,
curd,root vegetables,pastry,brown bread,soda,newspapers,,,,
cream cheese,fruit/vegetable juice,whole milk,coffee,frozen vegetables,bottled water,other vegetables,,,
domestic eggs,hamburger meat,brown bread,whipped/sour cream,ice cream,newspapers,pastry,,,
margarine,,,,,,,,,
frozen vegetables,newspapers,pastry,shopping bags,margarine,root vegetables,pip fruit,sausage,brown bread,chicken
pastry,napkins,pip fruit,citrus fruit,root vegetables,yogurt,whole milk,,,
pastry,,,,,,,,,
detergent,coffee,,,,,,,,
pork,whole milk,chicken,hamburger meat,detergent,yogurt,other vegetables,,,
rolls/buns,napkins,fruit/vegetable juice,bottled water,,,,,,
bottled water,margarine,other vegetables,pork,whole milk,napkins,citrus fruit,butter,,
citrus fruit,yogurt,whole milk,,,,,,,
curd,domestic eggs,pastry,,,,,,,
whole milk,napkins,sausage,margarine,ice cream,pip fruit,,,,
bottled water,margarine,newspapers,whole milk,cream cheese,,,,,
whipped/sour cream,citrus fruit,bottled water,,,,,,,
citrus fruit,chicken,tropical fruit,bottled water,root vegetables,sausage,,,,
frozen vegetables,shopping bags,butter,sausage,pip fruit,bottled water,rolls/buns,pastry,ice cream,
bottled water,newspapers,hamburger meat,,,,,,,
hamburger meat,whipped/sour cream,ice cream,fruit/vegetable juice,curd,domestic eggs,tropical fruit,brown bread,yogurt,
chicken,ice cream,butter,citrus fruit,hamburger meat,curd,,,,
cream cheese,other vegetables,sausage,hamburger meat,curd,,,,,
ice cream,butter,napkins,domestic eggs,sausage,whipped/sour cream,brown bread,yogurt,shopping bags,
detergent,yogurt,newspapers,,,,,,,
margarine,frozen vegetables,pip fruit,newspapers,,,,,,
bottled water,domestic eggs,margarine,soda,hamburger meat,other vegetables,cream cheese,brown bread,,
rolls/buns,newspapers,domestic eggs,,,,,,,
napkins,,,,,,,,,
chicken,rolls/buns,yogurt,whipped/sour cream,newspapers,sausage,frozen vegetables,butter,citrus fruit,bottled water
curd,margarine,citrus fruit,brown bread,whole milk,rolls/buns,domestic eggs,,,
fruit/vegetable juice,citrus fruit,,,,,,,,
margarine,cream cheese,whole milk,,,,,,,
detergent,napkins,pip fruit,yogurt,fruit/vegetable juice,whole milk,chicken,other vegetables,ice cream,curd
curd,butter,citrus fruit,,,,,,,
citrus fruit,napkins,ice cream,rolls/buns,whipped/sour cream,pastry,domestic eggs,,,
cream cheese,soda,pip fruit,pastry,citrus fruit,,,,,
tropical fruit,chicken,citrus fruit,coffee,fruit/vegetable juice,frozen vegetables,yogurt,napkins,pastry,curd
ice cream,tropical fruit,yogurt,bottled water,sausage,coffee,,,,
sausage,shopping bags,tropical fruit,pork,soda,domestic eggs,pastry,rolls/buns,brown bread,detergent
yogurt,,,,,,,,,
tropical fruit,coffee,napkins,margarine,chicken,citrus fruit,cream cheese,detergent,,
coffee,tropical fruit,newspapers,whole milk,butter,pastry,,,,
tropical fruit,coffee,,,,,,,,
napkins,citrus fruit,bottled water,margarine,,,,,,
root vegetables,pork,brown bread,curd,,,,,,
hamburger meat,yogurt,shopping bags,margarine,pork,newspapers,fruit/vegetable juice,napkins,bottled water,
newspapers,curd,citrus fruit,pork,chicken,whipped/sour cream,pip fruit,hamburger meat,other vegetables,butter
root vegetables,fruit/vegetable juice,frozen vegetables,yogurt,butter,brown bread,newspapers,domestic eggs,pip fruit,margarine
whipped/sour cream,whole milk,yogurt,ice cream,tropical fruit,coffee,,,,
coffee,sausage,,,,,,,,
coffee,domestic eggs,shopping bags,rolls/buns,pork,sausage,,,,
whipped/sour cream,cream cheese,hamburger meat,newspapers,butter,coffee,root vegetables,rolls/buns,,
root vegetables,whipped/sour cream,,,,,,,,
sausage,domestic eggs,brown bread,cream cheese,,,,,,
yogurt,ice cream,sausage,tropical fruit,pastry,curd,root vegetables,newspapers,chicken,
frozen vegetables,domestic eggs,whole milk,pork,coffee,yogurt,brown bread,fruit/vegetable juice,,
pork,margarine,,,,,,,,
bottled water,yogurt,pip fruit,,,,,,,
curd,tropical fruit,bottled water,napkins,ice cream,,,,,
napkins,tropical fruit,,,,,,,,
pip fruit,bottled water,,,,,,,,
curd,yogurt,brown bread,butter,pastry,coffee,chicken,margarine,newspapers,
butter,napkins,coffee,whipped/sour cream,pip fruit,curd,,,,
curd,,,,,,,,,
bottled water,,,,,,,,,
pastry,,,,,,,,,
coffee,,,,,,,,,
curd,,,,,,,,,
pastry,napkins,whipped/sour cream,cream cheese,,,,,,
sausage,butter,yogurt,soda,curd,frozen vegetables,hamburger meat,chicken,pip fruit,
curd,chicken,,,,,,,,
soda,other vegetables,fruit/vegetable juice,,,,,,,
brown bread,,,,,,,,,
napkins,detergent,sausage,pastry,domestic eggs,pork,other vegetables,newspapers,,
curd,,,,,,,,,
pork,napkins,butter,,,,,,,
hamburger meat,curd,coffee,frozen vegetables,bottled water,newspapers,tropical fruit,,,
domestic eggs,citrus fruit,bottled water,ice cream,,,,,,
chicken,brown bread,tropical fruit,napkins,curd,whole milk,butter,,,
citrus fruit,bottled water,shopping bags,fruit/vegetable juice,butter,pastry,whipped/sour cream,detergent,rolls/buns,
curd,tropical fruit,fruit/vegetable juice,,,,,,,
curd,shopping bags,newspapers,other vegetables,cream cheese,pork,,,,
shopping bags,frozen vegetables,napkins,whipped/sour cream,ice cream,fruit/vegetable juice,sausage,,,
yogurt,,,,,,,,,
shopping bags,rolls/buns,pork,fruit/vegetable juice,,,,,,
yogurt,pork,other vegetables,domestic eggs,frozen vegetables,tropical fruit,,,,
chicken,napkins,,,,,,,,
rolls/buns,soda,other vegetables,sausage,frozen vegetables,,,,,
whole milk,pastry,cream cheese,coffee,soda,whipped/sour cream,frozen vegetables,brown bread,citrus fruit,
brown bread,rolls/buns,whipped/sour cream,domestic eggs,ice cream,butter,pip fruit,curd,shopping bags,
chicken,butter,hamburger meat,napkins,sausage,citrus fruit,,,,
curd,coffee,brown bread,other vegetables,tropical fruit,frozen vegetables,napkins,bottled water,pip fruit,fruit/vegetable juice
curd,citrus fruit,cream cheese,root vegetables,,,,,,
shopping bags,whipped/sour cream,brown bread,soda,root vegetables,cream cheese,rolls/buns,pork,hamburger meat,
pastry,pip fruit,hamburger meat,newspapers,fruit/vegetable juice,whole milk,,,,
fruit/vegetable juice,citrus fruit,chicken,pastry,margarine,rolls/buns,whipped/sour cream,frozen vegetables,tropical fruit,
domestic eggs,yogurt,cream cheese,,,,,,,
butter,napkins,hamburger meat,whipped/sour cream,fruit/vegetable juice,detergent,root vegetables,cream cheese,,
butter,pork,shopping bags,curd,bottled water,whipped/sour cream,brown bread,frozen vegetables,tropical fruit,domestic eggs
frozen vegetables,rolls/buns,whipped/sour cream,newspapers,curd,fruit/vegetable juice,chicken,pip fruit,citrus fruit,
coffee,pastry,whipped/sour cream,frozen vegetables,other vegetables,rolls/buns,ice cream,tropical fruit,brown bread,
citrus fruit,pip fruit,bottled water,margarine,soda,chicken,newspapers,coffee,fruit/vegetable juice,
yogurt,fruit/vegetable juice,coffee,pork,ice cream,,,,,
pork,hamburger meat,rolls/buns,sausage,ice cream,shopping bags,,,,
pork,,,,,,,,,
frozen vegetables,other vegetables,butter,newspapers,ice cream,pastry,sausage,pip fruit,domestic eggs,detergent
root vegetables,,,,,,,,,
soda,butter,napkins,bottled water,detergent,frozen vegetables,tropical fruit,chicken,,
fruit/vegetable juice,soda,,,,,,,,
soda,tropical fruit,fruit/vegetable juice,ice cream,hamburger meat,shopping bags,newspapers,pork,,
root vegetables,frozen vegetables,brown bread,sausage,shopping bags,butter,ice cream,curd,fruit/vegetable juice,
detergent,,,,,,,,,
coffee,chicken,tropical fruit,root vegetables,hamburger meat,newspapers,,,,
butter,frozen vegetables,ice cream,shopping bags,rolls/buns,margarine,,,,
pastry,frozen vegetables,bottled water,,,,,,,
whole milk,yogurt,domestic eggs,butter,,,,,,
hamburger meat,whipped/sour cream,coffee,soda,root vegetables,fruit/vegetable juice,detergent,newspapers,frozen vegetables,shopping bags
sausage,bottled water,root vegetables,,,,,,,
hamburger meat,curd,detergent,citrus fruit,frozen vegetables,other vegetables,newspapers,chicken,root vegetables,
hamburger meat,,,,,,,,,
pork,margarine,,,,,,,,
shopping bags,fruit/vegetable juice,curd,root vegetables,napkins,,,,,
soda,hamburger meat,napkins,brown bread,cream cheese,margarine,,,,
yogurt,,,,,,,,,
napkins,,,,,,,,,
bottled water,whole milk,citrus fruit,domestic eggs,rolls/buns,pork,butter,other vegetables,,
bottled water,brown bread,newspapers,margarine,detergent,whipped/sour cream,napkins,ice cream,rolls/buns,shopping bags
chicken,whole milk,root vegetables,coffee,yogurt,bottled water,napkins,shopping bags,sausage,
brown bread,whole milk,root vegetables,fruit/vegetable juice,newspapers,bottled water,,,,
detergent,brown bread,tropical fruit,hamburger meat,root vegetables,bottled water,napkins,soda,,
rolls/buns,pork,root vegetables,,,,,,,
cream cheese,ice cream,rolls/buns,whipped/sour cream,citrus fruit,bottled water,brown bread,curd,soda,
domestic eggs,frozen vegetables,,,,,,,,
coffee,cream cheese,shopping bags,citrus fruit,pork,chicken,brown bread,bottled water,tropical fruit,hamburger meat
detergent,pork,whipped/sour cream,whole milk,napkins,soda,butter,margarine,pip fruit,
other vegetables,newspapers,butter,tropical fruit,,,,,,
sausage,,,,,,,,,
pork,napkins,margarine,rolls/buns,hamburger meat,yogurt,,,,
root vegetables,shopping bags,newspapers,rolls/buns,coffee,citrus fruit,soda,fruit/vegetable juice,detergent,napkins
margarine,domestic eggs,root vegetables,,,,,,,
margarine,pip fruit,rolls/buns,pork,,,,,,
newspapers,frozen vegetables,curd,,,,,,,
detergent,butter,whipped/sour cream,,,,,,,
other vegetables,cream cheese,sausage,brown bread,,,,,,
frozen vegetables,other vegetables,sausage,pastry,fruit/vegetable juice,tropical fruit,,,,
fruit/vegetable juice,,,,,,,,,
cream cheese,,,,,,,,,
ice cream,domestic eggs,other vegetables,fruit/vegetable juice,,,,,,
whole milk,pastry,tropical fruit,margarine,frozen vegetables,,,,,
soda,chicken,hamburger meat,sausage,frozen vegetables,pork,,,,
curd,frozen vegetables,pork,sausage,rolls/buns,domestic eggs,other vegetables,fruit/vegetable juice,,
frozen vegetables,yogurt,other vegetables,domestic eggs,fruit/vegetable juice,napkins,cream cheese,,,
ice cream,cream cheese,coffee,soda,butter,,,,,
coffee,whole milk,citrus fruit,curd,yogurt,napkins,,,,
domestic eggs,fruit/vegetable juice,detergent,,,,,,,
other vegetables,detergent,citrus fruit,root vegetables,fruit/vegetable juice,soda,napkins,,,
sausage,whipped/sour cream,curd,chicken,margarine,yogurt,domestic eggs,newspapers,cream cheese,
whole milk,whipped/sour cream,rolls/buns,frozen vegetables,root vegetables,,,,,
domestic eggs,citrus fruit,tropical fruit,sausage,pastry,ice cream,pip fruit,rolls/buns,,
fruit/vegetable juice,chicken,tropical fruit,hamburger meat,ice cream,,,,,
detergent,yogurt,pip fruit,soda,root vegetables,,,,,
margarine,pastry,butter,cream cheese,pork,frozen vegetables,whipped/sour cream,root vegetables,napkins,whole milk
pip fruit,pastry,frozen vegetables,,,,,,,
whipped/sour cream,napkins,brown bread,,,,,,,
pip fruit,sausage,yogurt,,,,,,,
brown bread,other vegetables,soda,sausage,shopping bags,margarine,pastry,curd,frozen vegetables,
margarine,curd,whipped/sour cream,yogurt,root vegetables,,,,,
pastry,bottled water,citrus fruit,other vegetables,sausage,ice cream,root vegetables,,,
detergent,,,,,,,,,
domestic eggs,chicken,curd,newspapers,root vegetables,fruit/vegetable juice,yogurt,ice cream,,
ice cream,bottled water,curd,margarine,pastry,rolls/buns,,,,
root vegetables,hamburger meat,,,,,,,,
pip fruit,sausage,pastry,ice cream,,,,,,
margarine,ice cream,newspapers,pork,curd,napkins,coffee,rolls/buns,sausage,fruit/vegetable juice
whole milk,citrus fruit,chicken,yogurt,,,,,,
curd,rolls/buns,,,,,,,,
soda,cream cheese,,,,,,,,
bottled water,,,,,,,,,
detergent,hamburger meat,domestic eggs,soda,,,,,,
curd,root vegetables,napkins,,,,,,,
hamburger meat,pastry,coffee,butter,ice cream,chicken,sausage,newspapers,domestic eggs,whole milk
sausage,pip fruit,coffee,cream cheese,pastry,fruit/vegetable juice,shopping bags,pork,domestic eggs,
domestic eggs,pork,brown bread,tropical fruit,soda,hamburger meat,coffee,,,
shopping bags,root vegetables,newspapers,coffee,bottled water,brown bread,pork,pip fruit,rolls/buns,
shopping bags,rolls/buns,butter,pork,curd,pastry,detergent,sausage,,
pip fruit,shopping bags,margarine,ice cream,,,,,,
rolls/buns,bottled water,pork,detergent,whipped/sour cream,,,,,
soda,chicken,cream cheese,domestic eggs,fruit/vegetable juice,,,,,
curd,whole milk,tropical fruit,sausage,,,,,,
pip fruit,chicken,yogurt,coffee,citrus fruit,curd,sausage,ice cream,rolls/buns,frozen vegetables
newspapers,tropical fruit,curd,detergent,margarine,napkins,pastry,whipped/sour cream,,
yogurt,pip fruit,shopping bags,newspapers,,,,,,
sausage,curd,chicken,soda,yogurt,,,,,
other vegetables,tropical fruit,hamburger meat,,,,,,,
ice cream,bottled water,whole milk,newspapers,yogurt,shopping bags,brown bread,frozen vegetables,,
brown bread,soda,coffee,curd,hamburger meat,,,,,
soda,brown bread,butter,whole milk,hamburger meat,coffee,citrus fruit,rolls/buns,curd,
detergent,butter,brown bread,citrus fruit,fruit/vegetable juice,root vegetables,soda,yogurt,napkins,pastry
ice cream,citrus fruit,coffee,frozen vegetables,margarine,bottled water,newspapers,chicken,pork,
rolls/buns,pastry,fruit/vegetable juice,yogurt,curd,pip fruit,whole milk,cream cheese,whipped/sour cream,
sausage,frozen vegetables,domestic eggs,ice cream,yogurt,hamburger meat,whole milk,napkins,newspapers,detergent
detergent,root vegetables,whole milk,whipped/sour cream,,,,,,
newspapers,pip fruit,,,,,,,,
detergent,fruit/vegetable juice,cream cheese,whole milk,,,,,,
chicken,detergent,,,,,,,,
napkins,frozen vegetables,citrus fruit,tropical fruit,shopping bags,rolls/buns,root vegetables,butter,soda,
bottled water,butter,shopping bags,newspapers,pip fruit,citrus fruit,soda,other vegetables,,
shopping bags,pork,,,,,,,,
bottled water,curd,pip fruit,,,,,,,
bottled water,napkins,newspapers,pork,butter,other vegetables,fruit/vegetable juice,frozen vegetables,brown bread,
root vegetables,whipped/sour cream,pork,napkins,,,,,,
chicken,root vegetables,whipped/sour cream,coffee,citrus fruit,,,,,
rolls/buns,hamburger meat,butter,domestic eggs,citrus fruit,tropical fruit,soda,sausage,fruit/vegetable juice,root vegetables
detergent,coffee,sausage,whole milk,domestic eggs,root vegetables,ice cream,napkins,hamburger meat,fruit/vegetable juice
sausage,whipped/sour cream,pork,other vegetables,shopping bags,coffee,cream cheese,pip fruit,,
brown bread,curd,pork,rolls/buns,,,,,,
bottled water,,,,,,,,,
root vegetables,other vegetables,coffee,brown bread,curd,,,,,
napkins,yogurt,coffee,bottled water,,,,,,
citrus fruit,brown bread,bottled water,chicken,other vegetables,root vegetables,,,,
newspapers,hamburger meat,other vegetables,napkins,pip fruit,,,,,
domestic eggs,root vegetables,chicken,ice cream,yogurt,fruit/vegetable juice,pastry,,,
tropical fruit,fruit/vegetable juice,curd,citrus fruit,pip fruit,,,,,
pip fruit,brown bread,soda,pastry,napkins,,,,,
pastry,soda,pip fruit,shopping bags,fruit/vegetable juice,pork,,,,
napkins,rolls/buns,fruit/vegetable juice,ice cream,margarine,cream cheese,pastry,root vegetables,,
whole milk,domestic eggs,butter,newspapers,citrus fruit,other vegetables,,,,
other vegetables,napkins,rolls/buns,,,,,,,
soda,,,,,,,,,
citrus fruit,whole milk,yogurt,margarine,pastry,brown bread,whipped/sour cream,shopping bags,,
pip fruit,tropical fruit,butter,margarine,other vegetables,frozen vegetables,,,,
detergent,frozen vegetables,curd,margarine,,,,,,
root vegetables,tropical fruit,sausage,frozen vegetables,yogurt,pastry,detergent,domestic eggs,whipped/sour cream,fruit/vegetable juice
detergent,bottled water,fruit/vegetable juice,butter,cream cheese,sausage,newspapers,citrus fruit,,
cream cheese,margarine,pork,whole milk,,,,,,
pastry,ice cream,sausage,yogurt,rolls/buns,margarine,pip fruit,root vegetables,,
detergent,cream cheese,margarine,sausage,,,,,,
chicken,whole milk,pip fruit,newspapers,,,,,,
curd,bottled water,fruit/vegetable juice,tropical fruit,hamburger meat,,,,,
cream cheese,brown bread,newspapers,coffee,,,,,,
pork,frozen vegetables,butter,domestic eggs,sausage,,,,,
ice cream,,,,,,,,,
citrus fruit,shopping bags,whipped/sour cream,fruit/vegetable juice,other vegetables,,,,,
pork,shopping bags,cream cheese,butter,yogurt,pastry,tropical fruit,,,
tropical fruit,,,,,,,,,
bottled water,soda,brown bread,pip fruit,ice cream,napkins,whole milk,yogurt,,
hamburger meat,,,,,,,,,
pork,newspapers,butter,citrus fruit,pip fruit,fruit/vegetable juice,soda,whipped/sour cream,,
domestic eggs,fruit/vegetable juice,hamburger meat,coffee,pastry,bottled water,,,,
cream cheese,domestic eggs,frozen vegetables,rolls/buns,whole milk,margarine,citrus fruit,brown bread,whipped/sour cream,
whole milk,rolls/buns,,,,,,,,
other vegetables,citrus fruit,margarine,yogurt,detergent,pastry,coffee,tropical fruit,rolls/buns,brown bread
rolls/buns,pork,frozen vegetables,margarine,shopping bags,,,,,
pip fruit,pastry,shopping bags,,,,,,,
other vegetables,ice cream,,,,,,,,
curd,,,,,,,,,
fruit/vegetable juice,newspapers,chicken,pip fruit,coffee,shopping bags,pastry,other vegetables,root vegetables,whipped/sour cream
shopping bags,ice cream,brown bread,bottled water,newspapers,pork,other vegetables,whipped/sour cream,pastry,
fruit/vegetable juice,newspapers,ice cream,,,,,,,
pip fruit,other vegetables,coffee,margarine,pork,,,,,
citrus fruit,sausage,other vegetables,whole milk,chicken,frozen vegetables,margarine,,,
root vegetables,coffee,frozen vegetables,bottled water,shopping bags,detergent,,,,
brown bread,newspapers,pastry,bottled water,ice cream,other vegetables,hamburger meat,detergent,frozen vegetables,
yogurt,whole milk,cream cheese,,,,,,,
fruit/vegetable juice,,,,,,,,,
butter,shopping bags,bottled water,whipped/sour cream,pip fruit,root vegetables,,,,
detergent,fruit/vegetable juice,hamburger meat,,,,,,,
tropical fruit,yogurt,citrus fruit,rolls/buns,coffee,hamburger meat,,,,
brown bread,,,,,,,,,
pip fruit,,,,,,,,,
coffee,other vegetables,root vegetables,fruit/vegetable juice,brown bread,,,,,
detergent,,,,,,,,,
hamburger meat,rolls/buns,curd,domestic eggs,root vegetables,citrus fruit,,,,
bottled water,root vegetables,fruit/vegetable juice,yogurt,pastry,butter,margarine,other vegetables,frozen vegetables,pip fruit
napkins,curd,frozen vegetables,fruit/vegetable juice,sausage,hamburger meat,cream cheese,whipped/sour cream,,
other vegetables,bottled water,whole milk,,,,,,,
bottled water,frozen vegetables,soda,,,,,,,
other vegetables,hamburger meat,root vegetables,curd,domestic eggs,pastry,soda,pip fruit,brown bread,coffee
margarine,frozen vegetables,sausage,newspapers,shopping bags,chicken,coffee,,,
whipped/sour cream,,,,,,,,,
margarine,pastry,,,,,,,,
chicken,,,,,,,,,
detergent,ice cream,tropical fruit,margarine,cream cheese,,,,,
frozen vegetables,coffee,newspapers,whipped/sour cream,rolls/buns,,,,,
curd,yogurt,pork,newspapers,citrus fruit,bottled water,margarine,whole milk,sausage,
fruit/vegetable juice,napkins,bottled water,rolls/buns,,,,,,
fruit/vegetable juice,hamburger meat,pork,whipped/sour cream,,,,,,
domestic eggs,curd,detergent,citrus fruit,fruit/vegetable juice,butter,,,,
curd,whipped/sour cream,frozen vegetables,soda,other vegetables,tropical fruit,detergent,chicken,,
frozen vegetables,bottled water,citrus fruit,pastry,detergent,yogurt,cream cheese,,,
other vegetables,frozen vegetables,soda,pork,chicken,shopping bags,rolls/buns,sausage,yogurt,curd
whipped/sour cream,butter,newspapers,other vegetables,citrus fruit,yogurt,sausage,coffee,detergent,brown bread
napkins,newspapers,curd,chicken,,,,,,
bottled water,frozen vegetables,yogurt,pastry,chicken,shopping bags,root vegetables,brown bread,curd,
pork,citrus fruit,rolls/buns,shopping bags,pastry,curd,hamburger meat,bottled water,margarine,
ice cream,sausage,hamburger meat,tropical fruit,whole milk,fruit/vegetable juice,margarine,rolls/buns,curd,
citrus fruit,pastry,pip fruit,newspapers,yogurt,other vegetables,napkins,bottled water,frozen vegetables,
yogurt,chicken,detergent,shopping bags,cream cheese,butter,sausage,bottled water,coffee,curd
butter,brown bread,ice cream,newspapers,shopping bags,whole milk,yogurt,margarine,pip fruit,
curd,chicken,yogurt,ice cream,butter,,,,,
brown bread,whipped/sour cream,pork,,,,,,,
frozen vegetables,domestic eggs,soda,citrus fruit,rolls/buns,sausage,cream cheese,pip fruit,fruit/vegetable juice,ice cream
ice cream,other vegetables,butter,cream cheese,coffee,hamburger meat,root vegetables,whipped/sour cream,brown bread,
root vegetables,butter,cream cheese,citrus fruit,curd,pork,domestic eggs,,,
rolls/buns,shopping bags,detergent,citrus fruit,curd,hamburger meat,pork,butter,whole milk,
rolls/buns,citrus fruit,shopping bags,butter,napkins,margarine,newspapers,,,
fruit/vegetable juice,tropical fruit,shopping bags,hamburger meat,margarine,,,,,
whole milk,,,,,,,,,
whipped/sour cream,coffee,whole milk,hamburger meat,fruit/vegetable juice,napkins,domestic eggs,soda,detergent,
detergent,pip fruit,bottled water,curd,cream cheese,yogurt,soda,,,
frozen vegetables,yogurt,whole milk,rolls/buns,,,,,,
shopping bags,pip fruit,sausage,soda,brown bread,pork,hamburger meat,cream cheese,chicken,
domestic eggs,yogurt,whipped/sour cream,coffee,other vegetables,soda,hamburger meat,pip fruit,ice cream,
frozen vegetables,sausage,citrus fruit,yogurt,,,,,,
whole milk,,,,,,,,,
cream cheese,hamburger meat,butter,ice cream,frozen vegetables,domestic eggs,newspapers,root vegetables,,
pip fruit,detergent,cream cheese,citrus fruit,whole milk,,,,,
ice cream,margarine,tropical fruit,bottled water,shopping bags,pip fruit,domestic eggs,citrus fruit,yogurt,
pastry,napkins,whipped/sour cream,citrus fruit,newspapers,frozen vegetables,chicken,tropical fruit,pork,
brown bread,butter,citrus fruit,rolls/buns,hamburger meat,curd,pip fruit,,,
domestic eggs,,,,,,,,,
shopping bags,,,,,,,,,
fruit/vegetable juice,pork,margarine,,,,,,,
margarine,hamburger meat,fruit/vegetable juice,pork,curd,,,,,
pork,root vegetables,napkins,newspapers,chicken,whole milk,brown bread,ice cream,citrus fruit,hamburger meat
cream cheese,shopping bags,frozen vegetables,ice cream,,,,,,
soda,whipped/sour cream,whole milk,domestic eggs,,,,,,
cream cheese,fruit/vegetable juice,soda,,,,,,,
root vegetables,cream cheese,domestic eggs,hamburger meat,ice cream,,,,,
shopping bags,hamburger meat,,,,,,,,
bottled water,napkins,whole milk,shopping bags,pip fruit,,,,,
shopping bags,soda,pork,pastry,,,,,,
rolls/buns,ice cream,domestic eggs,sausage,,,,,,
pip fruit,,,,,,,,,
fruit/vegetable juice,detergent,curd,shopping bags,soda,ice cream,butter,,,
napkins,root vegetables,soda,hamburger meat,pastry,chicken,other vegetables,tropical fruit,detergent,frozen vegetables
yogurt,coffee,citrus fruit,,,,,,,
root vegetables,ice cream,whole milk,,,,,,,
tropical fruit,pip fruit,sausage,margarine,root vegetables,shopping bags,domestic eggs,,,
bottled water,cream cheese,sausage,rolls/buns,ice cream,,,,,
margarine,sausage,other vegetables,coffee,chicken,curd,,,,
shopping bags,sausage,napkins,ice cream,chicken,curd,brown bread,whipped/sour cream,soda,citrus fruit
ice cream,fruit/vegetable juice,frozen vegetables,,,,,,,
margarine,soda,napkins,yogurt,whipped/sour cream,hamburger meat,other vegetables,tropical fruit,,
pork,ice cream,whipped/sour cream,root vegetables,brown bread,sausage,yogurt,napkins,,
root vegetables,cream cheese,yogurt,butter,tropical fruit,other vegetables,citrus fruit,fruit/vegetable juice,detergent,pip fruit
newspapers,sausage,frozen vegetables,pip fruit,detergent,tropical fruit,coffee,brown bread,butter,pastry
bottled water,,,,,,,,,
coffee,shopping bags,ice cream,other vegetables,soda,,,,,
domestic eggs,whole milk,chicken,tropical fruit,other vegetables,citrus fruit,pork,coffee,napkins,fruit/vegetable juice
other vegetables,cream cheese,brown bread,whipped/sour cream,chicken,domestic eggs,,,,
napkins,detergent,root vegetables,whipped/sour cream,cream cheese,pip fruit,,,,
detergent,,,,,,,,,
margarine,whole milk,pip fruit,butter,root vegetables,detergent,curd,pork,,
ice cream,hamburger meat,,,,,,,,
bottled water,chicken,ice cream,tropical fruit,newspapers,other vegetables,pastry,,,
soda,sausage,domestic eggs,cream cheese,napkins,,,,,
detergent,butter,pastry,napkins,chicken,hamburger meat,citrus fruit,,,
ice cream,root vegetables,margarine,,,,,,,
curd,sausage,,,,,,,,
detergent,sausage,coffee,chicken,newspapers,brown bread,,,,
yogurt,soda,,,,,,,,
soda,margarine,bottled water,hamburger meat,chicken,shopping bags,detergent,newspapers,,
napkins,newspapers,pork,whole milk,fruit/vegetable juice,pastry,other vegetables,,,
frozen vegetables,butter,citrus fruit,domestic eggs,shopping bags,other vegetables,root vegetables,coffee,,
pip fruit,,,,,,,,,
coffee,whipped/sour cream,pip fruit,other vegetables,newspapers,margarine,,,,
hamburger meat,whipped/sour cream,,,,,,,,
chicken,butter,whole milk,frozen vegetables,soda,domestic eggs,,,,
chicken,domestic eggs,other vegetables,frozen vegetables,butter,fruit/vegetable juice,sausage,pip fruit,,
cream cheese,newspapers,pastry,frozen vegetables,ice cream,,,,,
newspapers,coffee,citrus fruit,chicken,shopping bags,frozen vegetables,pastry,,,
ice cream,whipped/sour cream,pork,whole milk,root vegetables,sausage,pip fruit,soda,,
hamburger meat,bottled water,chicken,,,,,,,
ice cream,coffee,pork,curd,tropical fruit,rolls/buns,bottled water,brown bread,,
bottled water,brown bread,chicken,frozen vegetables,root vegetables,whole milk,fruit/vegetable juice,pastry,,
margarine,butter,root vegetables,curd,frozen vegetables,coffee,ice cream,yogurt,whipped/sour cream,citrus fruit
cream cheese,fruit/vegetable juice,yogurt,shopping bags,frozen vegetables,bottled water,,,,
citrus fruit,whole milk,yogurt,pork,coffee,brown bread,,,,
butter,whipped/sour cream,margarine,brown bread,pastry,newspapers,,,,
domestic eggs,curd,butter,citrus fruit,whipped/sour cream,,,,,
other vegetables,brown bread,coffee,curd,chicken,whipped/sour cream,root vegetables,,,
pastry,bottled water,pip fruit,margarine,,,,,,
citrus fruit,,,,,,,,,
other vegetables,shopping bags,margarine,fruit/vegetable juice,,,,,,
napkins,root vegetables,bottled water,newspapers,frozen vegetables,detergent,domestic eggs,ice cream,,
coffee,tropical fruit,bottled water,whole milk,cream cheese,soda,napkins,other vegetables,root vegetables,
whipped/sour cream,pip fruit,curd,,,,,,,
domestic eggs,soda,newspapers,fruit/vegetable juice,brown bread,root vegetables,pork,pip fruit,curd,
citrus fruit,shopping bags,,,,,,,,
ice cream,shopping bags,sausage,pork,cream cheese,soda,,,,
whole milk,sausage,,,,,,,,
newspapers,whole milk,soda,coffee,rolls/buns,ice cream,chicken,butter,curd,pastry
cream cheese,yogurt,pastry,butter,,,,,,
butter,,,,,,,,,
rolls/buns,margarine,coffee,pip fruit,cream cheese,pastry,butter,,,
napkins,butter,sausage,root vegetables,coffee,shopping bags,hamburger meat,margarine,,
domestic eggs,,,,,,,,,
whole milk,,,,,,,,,
ice cream,frozen vegetables,napkins,cream cheese,pastry,whole milk,other vegetables,yogurt,whipped/sour cream,curd
curd,rolls/buns,newspapers,ice cream,citrus fruit,cream cheese,domestic eggs,margarine,,
bottled water,cream cheese,,,,,,,,
frozen vegetables,newspapers,chicken,sausage,whole milk,margarine,,,,
detergent,pastry,rolls/buns,yogurt,pip fruit,,,,,
fruit/vegetable juice,frozen vegetables,ice cream,,,,,,,
citrus fruit,root vegetables,newspapers,cream cheese,tropical fruit,butter,detergent,sausage,whipped/sour cream,
bottled water,yogurt,brown bread,sausage,citrus fruit,newspapers,butter,cream cheese,ice cream,rolls/buns
sausage,pork,yogurt,other vegetables,margarine,frozen vegetables,shopping bags,newspapers,,
whole milk,bottled water,whipped/sour cream,brown bread,coffee,sausage,,,,
rolls/buns,margarine,curd,other vegetables,soda,pork,,,,
whipped/sour cream,tropical fruit,,,,,,,,
chicken,curd,,,,,,,,
ice cream,detergent,pip fruit,shopping bags,tropical fruit,,,,,
soda,tropical fruit,other vegetables,pork,chicken,hamburger meat,fruit/vegetable juice,,,
brown bread,curd,napkins,pip fruit,pork,domestic eggs,chicken,newspapers,soda,root vegetables
curd,rolls/buns,,,,,,,,
fruit/vegetable juice,frozen vegetables,shopping bags,ice cream,,,,,,
domestic eggs,cream cheese,detergent,whipped/sour cream,citrus fruit,root vegetables,curd,other vegetables,brown bread,
ice cream,soda,fruit/vegetable juice,,,,,,,
sausage,frozen vegetables,chicken,detergent,coffee,pastry,other vegetables,curd,pork,pip fruit
yogurt,citrus fruit,coffee,curd,shopping bags,hamburger meat,detergent,newspapers,chicken,
pip fruit,tropical fruit,other vegetables,ice cream,chicken,,,,,
frozen vegetables,butter,bottled water,tropical fruit,curd,whole milk,soda,brown bread,napkins,
bottled water,pork,coffee,,,,,,,
other vegetables,,,,,,,,,
soda,margarine,pork,pip fruit,shopping bags,citrus fruit,napkins,hamburger meat,detergent,coffee
other vegetables,,,,,,,,,
bottled water,napkins,fruit/vegetable juice,root vegetables,butter,newspapers,brown bread,whole milk,soda,frozen vegetables
pork,hamburger meat,,,,,,,,
soda,other vegetables,pork,chicken,bottled water,frozen vegetables,margarine,pip fruit,,
detergent,,,,,,,,,
root vegetables,coffee,,,,,,,,
newspapers,bottled water,shopping bags,pip fruit,detergent,tropical fruit,fruit/vegetable juice,butter,,
yogurt,tropical fruit,,,,,,,,
cream cheese,frozen vegetables,brown bread,coffee,,,,,,
margarine,coffee,newspapers,pip fruit,napkins,cream cheese,brown bread,tropical fruit,pastry,yogurt
butter,sausage,curd,citrus fruit,newspapers,chicken,whipped/sour cream,domestic eggs,,
pork,hamburger meat,soda,,,,,,,
butter,cream cheese,root vegetables,pip fruit,,,,,,
margarine,rolls/buns,shopping bags,root vegetables,ice cream,pastry,,,,
pastry,,,,,,,,,
frozen vegetables,,,,,,,,,
whipped/sour cream,,,,,,,,,
shopping bags,pastry,soda,whipped/sour cream,yogurt,detergent,curd,frozen vegetables,,
hamburger meat,domestic eggs,ice cream,citrus fruit,pastry,other vegetables,yogurt,cream cheese,pip fruit,brown bread
curd,margarine,napkins,pastry,pip fruit,tropical fruit,coffee,fruit/vegetable juice,,
rolls/buns,pip fruit,shopping bags,curd,whole milk,,,,,
rolls/buns,fruit/vegetable juice,,,,,,,,
shopping bags,curd,,,,,,,,
frozen vegetables,,,,,,,,,
whipped/sour cream,root vegetables,margarine,butter,frozen vegetables,yogurt,detergent,chicken,citrus fruit,
chicken,pastry,hamburger meat,frozen vegetables,whipped/sour cream,,,,,
soda,,,,,,,,,
whole milk,curd,pastry,fruit/vegetable juice,pip fruit,rolls/buns,hamburger meat,,,
tropical fruit,,,,,,,,,
pip fruit,whipped/sour cream,ice cream,sausage,pastry,margarine,,,,
root vegetables,whipped/sour cream,domestic eggs,citrus fruit,,,,,,
pork,brown bread,rolls/buns,butter,root vegetables,yogurt,pastry,,,
brown bread,fruit/vegetable juice,cream cheese,yogurt,rolls/buns,domestic eggs,,,,
pork,,,,,,,,,
brown bread,whipped/sour cream,citrus fruit,cream cheese,chicken,,,,,
frozen vegetables,brown bread,chicken,pork,whole milk,curd,other vegetables,bottled water,hamburger meat,
shopping bags,root vegetables,newspapers,other vegetables,yogurt,margarine,coffee,sausage,whipped/sour cream,
soda,pastry,other vegetables,margarine,root vegetables,,,,,
tropical fruit,butter,fruit/vegetable juice,,,,,,,
rolls/buns,chicken,pip fruit,napkins,pastry,newspapers,,,,
brown bread,other vegetables,coffee,cream cheese,,,,,,
newspapers,pork,,,,,,,,
newspapers,tropical fruit,chicken,ice cream,cream cheese,detergent,rolls/buns,,,
coffee,,,,,,,,,
pastry,whipped/sour cream,yogurt,,,,,,,
frozen vegetables,butter,rolls/buns,ice cream,whipped/sour cream,yogurt,napkins,,,
newspapers,brown bread,cream cheese,hamburger meat,other vegetables,sausage,curd,pip fruit,,
cream cheese,ice cream,pastry,whipped/sour cream,bottled water,brown bread,rolls/buns,whole milk,other vegetables,pork
soda,pip fruit,bottled water,chicken,frozen vegetables,other vegetables,pastry,root vegetables,detergent,
citrus fruit,tropical fruit,soda,pork,napkins,cream cheese,frozen vegetables,pastry,,
pip fruit,pastry,rolls/buns,,,,,,,
fruit/vegetable juice,sausage,,,,,,,,
detergent,rolls/buns,,,,,,,,
sausage,root vegetables,coffee,,,,,,,
frozen vegetables,coffee,brown bread,detergent,ice cream,citrus fruit,soda,chicken,pip fruit,butter
root vegetables,,,,,,,,,
butter,napkins,newspapers,whipped/sour cream,pork,citrus fruit,hamburger meat,frozen vegetables,yogurt,detergent
frozen vegetables,pork,root vegetables,yogurt,tropical fruit,pastry,,,,
chicken,whipped/sour cream,coffee,pip fruit,butter,cream cheese,curd,,,
soda,,,,,,,,,
margarine,fruit/vegetable juice,frozen vegetables,butter,rolls/buns,domestic eggs,newspapers,cream cheese,brown bread,
ice cream,shopping bags,whole milk,pork,citrus fruit,root vegetables,tropical fruit,,,
newspapers,margarine,chicken,detergent,soda,citrus fruit,whole milk,napkins,whipped/sour cream,shopping bags
root vegetables,,,,,,,,,
rolls/buns,margarine,pork,brown bread,chicken,whole milk,,,,
rolls/buns,,,,,,,,,
pip fruit,root vegetables,bottled water,whipped/sour cream,yogurt,,,,,
brown bread,soda,napkins,,,,,,,
curd,chicken,pip fruit,whole milk,frozen vegetables,whipped/sour cream,napkins,coffee,root vegetables,
detergent,cream cheese,pastry,chicken,sausage,frozen vegetables,brown bread,,,
soda,frozen vegetables,bottled water,margarine,,,,,,
whole milk,pork,,,,,,,,
hamburger meat,coffee,fruit/vegetable juice,soda,other vegetables,whole milk,chicken,detergent,rolls/buns,curd
brown bread,sausage,yogurt,domestic eggs,pastry,whole milk,rolls/buns,chicken,,
newspapers,curd,chicken,cream cheese,yogurt,pastry,citrus fruit,detergent,,
sausage,newspapers,yogurt,whole milk,,,,,,
bottled water,yogurt,citrus fruit,other vegetables,,,,,,
other vegetables,frozen vegetables,detergent,pork,coffee,bottled water,brown bread,,,
brown bread,domestic eggs,detergent,yogurt,bottled water,margarine,pastry,butter,pork,
yogurt,ice cream,frozen vegetables,rolls/buns,bottled water,cream cheese,shopping bags,newspapers,,
hamburger meat,,,,,,,,,
whipped/sour cream,brown bread,hamburger meat,ice cream,pork,domestic eggs,butter,newspapers,shopping bags,fruit/vegetable juice
shopping bags,tropical fruit,pork,whole milk,hamburger meat,margarine,other vegetables,domestic eggs,detergent,newspapers
tropical fruit,whipped/sour cream,detergent,domestic eggs,root vegetables,shopping bags,soda,margarine,,
butter,frozen vegetables,whipped/sour cream,brown bread,newspapers,other vegetables,pork,,,
cream cheese,pip fruit,pastry,fruit/vegetable juice,tropical fruit,napkins,other vegetables,,,
curd,bottled water,rolls/buns,,,,,,,
bottled water,domestic eggs,other vegetables,rolls/buns,,,,,,
cream cheese,bottled water,newspapers,curd,yogurt,domestic eggs,brown bread,shopping bags,whole milk,butter
root vegetables,tropical fruit,,,,,,,,
chicken,margarine,sausage,whipped/sour cream,,,,,,
curd,other vegetables,soda,tropical fruit,,,,,,
other vegetables,detergent,citrus fruit,yogurt,hamburger meat,shopping bags,pastry,brown bread,cream cheese,
pork,pip fruit,napkins,tropical fruit,whipped/sour cream,soda,ice cream,sausage,domestic eggs,root vegetables
butter,,,,,,,,,
bottled water,soda,other vegetables,citrus fruit,pastry,napkins,butter,yogurt,shopping bags,sausage
cream cheese,pork,napkins,whole milk,butter,,,,,
whole milk,sausage,pip fruit,tropical fruit,soda,bottled water,rolls/buns,brown bread,,
brown bread,hamburger meat,sausage,bottled water,margarine,other vegetables,soda,chicken,shopping bags,detergent
bottled water,hamburger meat,other vegetables,,,,,,,
coffee,domestic eggs,other vegetables,pastry,,,,,,
brown bread,pork,,,,,,,,
pastry,curd,domestic eggs,,,,,,,
newspapers,detergent,,,,,,,,
margarine,root vegetables,napkins,pork,ice cream,,,,,
sausage,tropical fruit,ice cream,whole milk,frozen vegetables,pip fruit,,,,
newspapers,brown bread,frozen vegetables,fruit/vegetable juice,curd,,,,,
napkins,pip fruit,chicken,shopping bags,frozen vegetables,pastry,rolls/buns,newspapers,whipped/sour cream,cream cheese
napkins,curd,rolls/buns,whole milk,,,,,,
newspapers,root vegetables,other vegetables,citrus fruit,curd,,,,,
margarine,shopping bags,,,,,,,,
tropical fruit,bottled water,domestic eggs,curd,detergent,fruit/vegetable juice,shopping bags,,,
whipped/sour cream,soda,tropical fruit,pip fruit,citrus fruit,,,,,
bottled water,other vegetables,coffee,,,,,,,
hamburger meat,soda,,,,,,,,
pork,tropical fruit,frozen vegetables,,,,,,,
domestic eggs,sausage,pip fruit,whole milk,coffee,margarine,curd,,,
rolls/buns,ice cream,margarine,soda,citrus fruit,,,,,
other vegetables,citrus fruit,fruit/vegetable juice,whipped/sour cream,ice cream,curd,hamburger meat,chicken,coffee,
citrus fruit,hamburger meat,domestic eggs,margarine,butter,shopping bags,ice cream,detergent,,
cream cheese,newspapers,pork,ice cream,hamburger meat,other vegetables,,,,
other vegetables,tropical fruit,rolls/buns,margarine,brown bread,whipped/sour cream,cream cheese,newspapers,curd,pastry
whipped/sour cream,frozen vegetables,,,,,,,,
napkins,yogurt,frozen vegetables,brown bread,cream cheese,coffee,pastry,detergent,root vegetables,bottled water
margarine,soda,butter,hamburger meat,,,,,,
yogurt,fruit/vegetable juice,brown bread,sausage,,,,,,
brown bread,bottled water,domestic eggs,sausage,whipped/sour cream,,,,,
hamburger meat,coffee,detergent,yogurt,whole milk,chicken,shopping bags,,,
whole milk,domestic eggs,pip fruit,rolls/buns,bottled water,,,,,
rolls/buns,yogurt,soda,coffee,citrus fruit,bottled water,hamburger meat,detergent,,
brown bread,detergent,hamburger meat,shopping bags,other vegetables,curd,,,,
cream cheese,napkins,curd,,,,,,,
soda,napkins,coffee,frozen vegetables,whipped/sour cream,hamburger meat,tropical fruit,,,
citrus fruit,napkins,domestic eggs,pastry,whole milk,chicken,root vegetables,,,
fruit/vegetable juice,tropical fruit,pork,whipped/sour cream,ice cream,domestic eggs,pip fruit,,,
pastry,other vegetables,frozen vegetables,whipped/sour cream,shopping bags,sausage,pip fruit,butter,,
butter,other vegetables,chicken,ice cream,citrus fruit,,,,,
margarine,ice cream,newspapers,butter,sausage,whipped/sour cream,detergent,,,
soda,hamburger meat,whipped/sour cream,newspapers,napkins,pork,cream cheese,,,
margarine,napkins,brown bread,fruit/vegetable juice,cream cheese,other vegetables,shopping bags,butter,ice cream,
brown bread,whole milk,soda,cream cheese,ice cream,other vegetables,shopping bags,margarine,,
cream cheese,domestic eggs,fruit/vegetable juice,citrus fruit,hamburger meat,,,,,
soda,whipped/sour cream,sausage,yogurt,chicken,ice cream,,,,
butter,bottled water,soda,domestic eggs,napkins,margarine,pork,chicken,,
detergent,napkins,coffee,pastry,,,,,,
bottled water,whole milk,root vegetables,sausage,other vegetables,hamburger meat,tropical fruit,newspapers,,
pork,margarine,cream cheese,domestic eggs,bottled water,pastry,newspapers,detergent,,
pastry,fruit/vegetable juice,coffee,sausage,yogurt,cream cheese,,,,
frozen vegetables,,,,,,,,,
frozen vegetables,tropical fruit,newspapers,napkins,bottled water,brown bread,rolls/buns,hamburger meat,pork,
bottled water,pork,brown bread,hamburger meat,,,,,,
whole milk,ice cream,coffee,yogurt,pastry,tropical fruit,sausage,shopping bags,,
hamburger meat,butter,tropical fruit,pastry,,,,,,
coffee,curd,root vegetables,brown bread,,,,,,
pastry,rolls/buns,domestic eggs,yogurt,sausage,pork,cream cheese,citrus fruit,coffee,
newspapers,coffee,fruit/vegetable juice,soda,domestic eggs,curd,,,,
pork,brown bread,coffee,other vegetables,,,,,,
soda,whole milk,frozen vegetables,napkins,other vegetables,margarine,domestic eggs,yogurt,,
root vegetables,other vegetables,bottled water,,,,,,,
tropical fruit,bottled water,domestic eggs,napkins,,,,,,
tropical fruit,whole milk,,,,,,,,
hamburger meat,pork,whipped/sour cream,brown bread,frozen vegetables,rolls/buns,,,,
brown bread,detergent,sausage,fruit/vegetable juice,whipped/sour cream,tropical fruit,yogurt,domestic eggs,coffee,butter
frozen vegetables,pork,rolls/buns,chicken,soda,,,,,
rolls/buns,cream cheese,detergent,sausage,,,,,,
pip fruit,whole milk,frozen vegetables,bottled water,rolls/buns,cream cheese,yogurt,curd,coffee,ice cream
domestic eggs,yogurt,ice cream,tropical fruit,,,,,,
rolls/buns,frozen vegetables,napkins,chicken,ice cream,newspapers,domestic eggs,bottled water,,
sausage,pastry,curd,,,,,,,
bottled water,,,,,,,,,
soda,brown bread,napkins,bottled water,fruit/vegetable juice,,,,,
chicken,bottled water,pip fruit,napkins,fruit/vegetable juice,coffee,tropical fruit,,,
margarine,bottled water,butter,hamburger meat,rolls/buns,,,,,
sausage,detergent,newspapers,pastry,whole milk,rolls/buns,yogurt,chicken,napkins,
domestic eggs,chicken,citrus fruit,other vegetables,,,,,,
curd,detergent,sausage,ice cream,other vegetables,bottled water,root vegetables,,,
bottled water,curd,root vegetables,sausage,frozen vegetables,whipped/sour cream,shopping bags,whole milk,other vegetables,
whipped/sour cream,cream cheese,,,,,,,,
root vegetables,other vegetables,detergent,tropical fruit,rolls/buns,cream cheese,domestic eggs,newspapers,,
rolls/buns,hamburger meat,brown bread,frozen vegetables,soda,yogurt,pastry,,,
curd,yogurt,soda,rolls/buns,ice cream,coffee,,,,
tropical fruit,ice cream,pip fruit,brown bread,sausage,bottled water,domestic eggs,coffee,whole milk,whipped/sour cream
bottled water,curd,coffee,pork,newspapers,yogurt,pastry,pip fruit,fruit/vegetable juice,domestic eggs
other vegetables,chicken,hamburger meat,pork,coffee,sausage,,,,
root vegetables,sausage,,,,,,,,
rolls/buns,,,,,,,,,
fruit/vegetable juice,newspapers,rolls/buns,,,,,,,
detergent,butter,soda,frozen vegetables,pork,fruit/vegetable juice,bottled water,,,
margarine,newspapers,whole milk,rolls/buns,hamburger meat,cream cheese,fruit/vegetable juice,frozen vegetables,domestic eggs,whipped/sour cream
yogurt,frozen vegetables,pastry,chicken,curd,other vegetables,citrus fruit,,,
cream cheese,root vegetables,pork,curd,other vegetables,pip fruit,citrus fruit,,,
shopping bags,yogurt,,,,,,,,
other vegetables,cream cheese,newspapers,hamburger meat,tropical fruit,fruit/vegetable juice,coffee,root vegetables,,
shopping bags,bottled water,whole milk,butter,,,,,,
napkins,whipped/sour cream,,,,,,,,
newspapers,coffee,pip fruit,soda,citrus fruit,napkins,yogurt,frozen vegetables,sausage,whole milk
cream cheese,rolls/buns,whipped/sour cream,hamburger meat,,,,,,
shopping bags,coffee,butter,chicken,fruit/vegetable juice,pastry,sausage,,,
soda,napkins,newspapers,whole milk,brown bread,ice cream,curd,domestic eggs,whipped/sour cream,
frozen vegetables,other vegetables,detergent,margarine,chicken,citrus fruit,pastry,newspapers,,
ice cream,,,,,,,,,
other vegetables,brown bread,pork,,,,,,,
ice cream,soda,,,,,,,,
margarine,frozen vegetables,whole milk,newspapers,,,,,,
tropical fruit,ice cream,root vegetables,whole milk,whipped/sour cream,butter,napkins,curd,yogurt,sausage
yogurt,bottled water,pip fruit,,,,,,,
other vegetables,,,,,,,,,
fruit/vegetable juice,,,,,,,,,
brown bread,,,,,,,,,
newspapers,pastry,pork,cream cheese,butter,other vegetables,pip fruit,yogurt,whole milk,
tropical fruit,fruit/vegetable juice,hamburger meat,pastry,,,,,,
root vegetables,pip fruit,butter,other vegetables,coffee,pastry,margarine,domestic eggs,,
brown bread,margarine,other vegetables,sausage,hamburger meat,pip fruit,frozen vegetables,whipped/sour cream,,
chicken,domestic eggs,,,,,,,,
soda,pork,citrus fruit,,,,,,,
citrus fruit,rolls/buns,pastry,cream cheese,shopping bags,domestic eggs,fruit/vegetable juice,napkins,,
citrus fruit,chicken,margarine,whipped/sour cream,detergent,rolls/buns,napkins,,,
tropical fruit,,,,,,,,,
other vegetables,root vegetables,soda,,,,,,,
chicken,bottled water,rolls/buns,cream cheese,whipped/sour cream,shopping bags,pork,pastry,domestic eggs,sausage
whipped/sour cream,margarine,frozen vegetables,cream cheese,detergent,coffee,hamburger meat,chicken,root vegetables,
yogurt,frozen vegetables,detergent,citrus fruit,margarine,,,,,
cream cheese,shopping bags,tropical fruit,pip fruit,newspapers,bottled water,yogurt,,,
sausage,butter,pork,chicken,,,,,,
napkins,whole milk,butter,pork,,,,,,
newspapers,frozen vegetables,whole milk,chicken,butter,pip fruit,hamburger meat,brown bread,,
soda,domestic eggs,rolls/buns,yogurt,pork,coffee,pip fruit,bottled water,,
rolls/buns,other vegetables,chicken,hamburger meat,tropical fruit,newspapers,whole milk,whipped/sour cream,ice cream,coffee
pip fruit,newspapers,cream cheese,hamburger meat,domestic eggs,coffee,fruit/vegetable juice,whole milk,detergent,
curd,,,,,,,,,
pastry,ice cream,domestic eggs,fruit/vegetable juice,margarine,rolls/buns,tropical fruit,chicken,,
pip fruit,margarine,frozen vegetables,,,,,,,
other vegetables,hamburger meat,chicken,pastry,tropical fruit,coffee,,,,
pork,tropical fruit,sausage,root vegetables,frozen vegetables,curd,coffee,shopping bags,,
detergent,margarine,frozen vegetables,curd,,,,,,
coffee,yogurt,rolls/buns,,,,,,,
curd,yogurt,fruit/vegetable juice,soda,bottled water,,,,,
yogurt,coffee,pork,pastry,soda,frozen vegetables,brown bread,,,
coffee,pastry,curd,,,,,,,
butter,pip fruit,chicken,bottled water,whipped/sour cream,frozen vegetables,cream cheese,tropical fruit,,
soda,sausage,pastry,citrus fruit,other vegetables,domestic eggs,whipped/sour cream,ice cream,hamburger meat,
margarine,domestic eggs,shopping bags,curd,other vegetables,detergent,hamburger meat,whipped/sour cream,cream cheese,
pastry,chicken,soda,whipped/sour cream,frozen vegetables,coffee,brown bread,cream cheese,,
hamburger meat,,,,,,,,,
citrus fruit,root vegetables,sausage,bottled water,yogurt,napkins,detergent,shopping bags,curd,
margarine,detergent,root vegetables,pip fruit,newspapers,curd,shopping bags,tropical fruit,chicken,sausage
newspapers,sausage,detergent,rolls/buns,pastry,margarine,,,,
detergent,whipped/sour cream,ice cream,pork,fruit/vegetable juice,newspapers,root vegetables,shopping bags,cream cheese,
newspapers,rolls/buns,curd,coffee,ice cream,root vegetables,cream cheese,,,
sausage,fruit/vegetable juice,pastry,frozen vegetables,butter,soda,whole milk,citrus fruit,cream cheese,
frozen vegetables,bottled water,tropical fruit,brown bread,coffee,citrus fruit,,,,
hamburger meat,ice cream,shopping bags,soda,detergent,sausage,butter,root vegetables,domestic eggs,
shopping bags,brown bread,soda,chicken,other vegetables,,,,,
root vegetables,curd,,,,,,,,
curd,cream cheese,hamburger meat,chicken,domestic eggs,bottled water,newspapers,tropical fruit,,
sausage,detergent,,,,,,,,
pastry,pip fruit,citrus fruit,margarine,soda,root vegetables,ice cream,,,
butter,,,,,,,,,
pip fruit,pastry,cream cheese,frozen vegetables,,,,,,
cream cheese,soda,shopping bags,ice cream,,,,,,
tropical fruit,rolls/buns,ice cream,domestic eggs,hamburger meat,soda,sausage,,,
brown bread,rolls/buns,pip fruit,chicken,cream cheese,tropical fruit,,,,
newspapers,other vegetables,hamburger meat,soda,whole milk,butter,bottled water,,,
rolls/buns,,,,,,,,,
butter,,,,,,,,,
butter,ice cream,other vegetables,detergent,whole milk,newspapers,pastry,,,
ice cream,pork,brown bread,citrus fruit,coffee,pastry,yogurt,rolls/buns,fruit/vegetable juice,
other vegetables,fruit/vegetable juice,,,,,,,,
pip fruit,,,,,,,,,
chicken,rolls/buns,domestic eggs,pastry,margarine,napkins,coffee,detergent,other vegetables,tropical fruit
citrus fruit,hamburger meat,butter,whole milk,rolls/buns,coffee,bottled water,,,
soda,shopping bags,root vegetables,fruit/vegetable juice,,,,,,
pip fruit,fruit/vegetable juice,tropical fruit,sausage,chicken,brown bread,,,,
root vegetables,butter,whole milk,coffee,curd,bottled water,soda,ice cream,shopping bags,chicken
whole milk,butter,curd,yogurt,chicken,tropical fruit,napkins,frozen vegetables,pip fruit,
shopping bags,other vegetables,curd,citrus fruit,margarine,napkins,,,,
whole milk,,,,,,,,,
pork,fruit/vegetable juice,coffee,shopping bags,hamburger meat,whipped/sour cream,detergent,,,
newspapers,margarine,cream cheese,frozen vegetables,root vegetables,,,,,
cream cheese,newspapers,pork,whole milk,shopping bags,chicken,,,,
frozen vegetables,yogurt,coffee,domestic eggs,ice cream,bottled water,fruit/vegetable juice,tropical fruit,margarine,
other vegetables,cream cheese,citrus fruit,newspapers,whole milk,pastry,pip fruit,bottled water,,
fruit/vegetable juice,butter,coffee,pastry,frozen vegetables,tropical fruit,bottled water,,,
bottled water,rolls/buns,cream cheese,chicken,other vegetables,tropical fruit,root vegetables,whipped/sour cream,napkins,
margarine,domestic eggs,brown bread,shopping bags,chicken,frozen vegetables,pip fruit,curd,yogurt,hamburger meat
brown bread,newspapers,coffee,shopping bags,fruit/vegetable juice,other vegetables,domestic eggs,,,
pip fruit,root vegetables,,,,,,,,
whole milk,butter,citrus fruit,,,,,,,
chicken,tropical fruit,hamburger meat,bottled water,frozen vegetables,citrus fruit,,,,
domestic eggs,ice cream,curd,newspapers,citrus fruit,bottled water,,,,
chicken,,,,,,,,,
citrus fruit,newspapers,brown bread,rolls/buns,ice cream,yogurt,frozen vegetables,pastry,root vegetables,coffee
newspapers,ice cream,whole milk,,,,,,,
rolls/buns,detergent,whipped/sour cream,,,,,,,
fruit/vegetable juice,other vegetables,,,,,,,,
frozen vegetables,pip fruit,curd,margarine,root vegetables,pastry,fruit/vegetable juice,domestic eggs,other vegetables,
chicken,ice cream,butter,napkins,brown bread,,,,,
pip fruit,,,,,,,,,
brown bread,coffee,rolls/buns,hamburger meat,bottled water,detergent,yogurt,,,
soda,citrus fruit,,,,,,,,
pork,whipped/sour cream,domestic eggs,yogurt,cream cheese,,,,,
tropical fruit,pastry,cream cheese,curd,frozen vegetables,other vegetables,whole milk,newspapers,domestic eggs,rolls/buns
yogurt,sausage,soda,,,,,,,
napkins,whipped/sour cream,cream cheese,bottled water,ice cream,,,,,
coffee,yogurt,domestic eggs,sausage,bottled water,pip fruit,soda,margarine,hamburger meat,detergent
yogurt,coffee,cream cheese,shopping bags,margarine,domestic eggs,pork,citrus fruit,pip fruit,
hamburger meat,butter,detergent,pork,,,,,,
tropical fruit,curd,cream cheese,ice cream,frozen vegetables,,,,,
hamburger meat,domestic eggs,curd,pork,newspapers,pip fruit,sausage,tropical fruit,,
fruit/vegetable juice,detergent,whipped/sour cream,,,,,,,
citrus fruit,domestic eggs,frozen vegetables,,,,,,,
ice cream,whipped/sour cream,shopping bags,pip fruit,root vegetables,frozen vegetables,hamburger meat,detergent,coffee,
margarine,brown bread,pastry,shopping bags,,,,,,
napkins,yogurt,butter,soda,coffee,,,,,
cream cheese,curd,fruit/vegetable juice,newspapers,chicken,,,,,
sausage,ice cream,domestic eggs,napkins,other vegetables,root vegetables,chicken,butter,,
pork,shopping bags,tropical fruit,,,,,,,
domestic eggs,margarine,ice cream,pip fruit,yogurt,shopping bags,whole milk,napkins,,
yogurt,newspapers,,,,,,,,
brown bread,pip fruit,,,,,,,,
newspapers,fruit/vegetable juice,citrus fruit,rolls/buns,napkins,shopping bags,tropical fruit,frozen vegetables,sausage,
newspapers,pastry,,,,,,,,
coffee,pork,whipped/sour cream,root vegetables,,,,,,
citrus fruit,tropical fruit,detergent,soda,domestic eggs,cream cheese,pip fruit,root vegetables,pork,
soda,curd,root vegetables,rolls/buns,coffee,,,,,
ice cream,fruit/vegetable juice,pastry,soda,bottled water,,,,,
pip fruit,hamburger meat,yogurt,newspapers,rolls/buns,curd,,,,
citrus fruit,sausage,curd,domestic eggs,,,,,,
citrus fruit,pip fruit,coffee,whipped/sour cream,ice cream,detergent,other vegetables,,,
whipped/sour cream,bottled water,soda,,,,,,,
cream cheese,whipped/sour cream,,,,,,,,
citrus fruit,newspapers,chicken,fruit/vegetable juice,napkins,,,,,
other vegetables,pork,rolls/buns,soda,,,,,,
fruit/vegetable juice,ice cream,sausage,newspapers,curd,hamburger meat,other vegetables,napkins,pork,butter
domestic eggs,detergent,whole milk,rolls/buns,,,,,,
ice cream,cream cheese,tropical fruit,butter,domestic eggs,coffee,detergent,,,
ice cream,domestic eggs,newspapers,shopping bags,root vegetables,,,,,
brown bread,ice cream,citrus fruit,soda,pastry,,,,,
citrus fruit,other vegetables,pip fruit,tropical fruit,coffee,curd,whipped/sour cream,shopping bags,pastry,soda
pip fruit,butter,sausage,,,,,,,
tropical fruit,hamburger meat,margarine,,,,,,,
whipped/sour cream,detergent,sausage,newspapers,tropical fruit,fruit/vegetable juice,ice cream,shopping bags,,
citrus fruit,shopping bags,ice cream,yogurt,hamburger meat,chicken,,,,
whipped/sour cream,pork,chicken,shopping bags,detergent,,,,,
newspapers,pork,root vegetables,soda,domestic eggs,citrus fruit,ice cream,,,
pip fruit,soda,rolls/buns,curd,,,,,,
soda,chicken,yogurt,brown bread,,,,,,
sausage,curd,chicken,pip fruit,napkins,root vegetables,whole milk,pork,yogurt,
pastry,chicken,,,,,,,,
coffee,whole milk,,,,,,,,
tropical fruit,bottled water,,,,,,,,
coffee,domestic eggs,yogurt,other vegetables,brown bread,chicken,napkins,whipped/sour cream,,
whole milk,tropical fruit,napkins,coffee,,,,,,
soda,sausage,whipped/sour cream,fruit/vegetable juice,butter,ice cream,coffee,citrus fruit,margarine,detergent
citrus fruit,butter,,,,,,,,
cream cheese,hamburger meat,butter,curd,yogurt,soda,citrus fruit,,,
citrus fruit,pastry,soda,ice cream,root vegetables,napkins,fruit/vegetable juice,brown bread,,
newspapers,tropical fruit,margarine,pip fruit,curd,shopping bags,domestic eggs,,,
brown bread,,,,,,,,,
coffee,chicken,sausage,newspapers,,,,,,
pork,,,,,,,,,
chicken,,,,,,,,,
coffee,domestic eggs,soda,newspapers,fruit/vegetable juice,rolls/buns,other vegetables,tropical fruit,cream cheese,
pork,hamburger meat,butter,root vegetables,ice cream,margarine,frozen vegetables,,,
frozen vegetables,butter,curd,rolls/buns,,,,,,
soda,coffee,sausage,domestic eggs,cream cheese,bottled water,,,,
whipped/sour cream,shopping bags,citrus fruit,,,,,,,
pip fruit,citrus fruit,curd,,,,,,,
butter,newspapers,napkins,citrus fruit,yogurt,tropical fruit,ice cream,,,
hamburger meat,ice cream,citrus fruit,coffee,,,,,,
chicken,domestic eggs,cream cheese,whipped/sour cream,ice cream,coffee,margarine,detergent,,
chicken,margarine,coffee,shopping bags,,,,,,
pastry,other vegetables,cream cheese,yogurt,bottled water,detergent,sausage,ice cream,citrus fruit,napkins
newspapers,cream cheese,tropical fruit,sausage,,,,,,
cream cheese,curd,tropical fruit,root vegetables,ice cream,,,,,
soda,whole milk,pork,pastry,napkins,tropical fruit,detergent,chicken,brown bread,
domestic eggs,yogurt,bottled water,pork,butter,shopping bags,whipped/sour cream,tropical fruit,frozen vegetables,
hamburger meat,other vegetables,rolls/buns,chicken,ice cream,sausage,yogurt,domestic eggs,bottled water,detergent
soda,cream cheese,brown bread,,,,,,,
hamburger meat,other vegetables,newspapers,sausage,whole milk,butter,,,,
newspapers,whole milk,chicken,other vegetables,root vegetables,yogurt,curd,napkins,,
other vegetables,soda,sausage,yogurt,chicken,whipped/sour cream,detergent,,,
pip fruit,whipped/sour cream,margarine,,,,,,,
ice cream,bottled water,newspapers,detergent,whipped/sour cream,,,,,
pip fruit,,,,,,,,,
root vegetables,sausage,napkins,whipped/sour cream,,,,,,
other vegetables,tropical fruit,brown bread,whole milk,detergent,sausage,pork,frozen vegetables,napkins,pastry
detergent,root vegetables,curd,shopping bags,bottled water,brown bread,,,,
bottled water,pastry,pip fruit,coffee,tropical fruit,root vegetables,whole milk,,,
rolls/buns,chicken,,,,,,,,
pip fruit,pork,whipped/sour cream,pastry,bottled water,,,,,
citrus fruit,,,,,,,,,
hamburger meat,domestic eggs,yogurt,margarine,,,,,,
hamburger meat,margarine,coffee,bottled water,napkins,soda,newspapers,other vegetables,root vegetables,
butter,,,,,,,,,
cream cheese,chicken,ice cream,napkins,soda,,,,,
coffee,detergent,bottled water,citrus fruit,curd,tropical fruit,,,,
domestic eggs,,,,,,,,,
butter,curd,,,,,,,,
other vegetables,,,,,,,,,
brown bread,whole milk,curd,shopping bags,newspapers,pork,napkins,rolls/buns,,
other vegetables,pip fruit,domestic eggs,sausage,,,,,,
curd,brown bread,pastry,sausage,soda,shopping bags,,,,
fruit/vegetable juice,sausage,butter,,,,,,,
detergent,coffee,butter,yogurt,,,,,,
bottled water,butter,napkins,frozen vegetables,other vegetables,shopping bags,,,,
hamburger meat,chicken,,,,,,,,
citrus fruit,detergent,,,,,,,,
ice cream,cream cheese,hamburger meat,pip fruit,detergent,curd,pork,tropical fruit,bottled water,
pastry,other vegetables,,,,,,,,
rolls/buns,hamburger meat,coffee,margarine,bottled water,soda,tropical fruit,yogurt,,
soda,rolls/buns,chicken,bottled water,root vegetables,whipped/sour cream,cream cheese,,,
whole milk,newspapers,tropical fruit,butter,,,,,,
pip fruit,tropical fruit,brown bread,margarine,hamburger meat,,,,,
whipped/sour cream,other vegetables,shopping bags,chicken,tropical fruit,soda,butter,cream cheese,brown bread,bottled water
yogurt,coffee,tropical fruit,fruit/vegetable juice,,,,,,
soda,bottled water,yogurt,,,,,,,
brown bread,ice cream,shopping bags,napkins,whole milk,newspapers,rolls/buns,,,
napkins,ice cream,frozen vegetables,citrus fruit,,,,,,
rolls/buns,,,,,,,,,
whole milk,soda,pastry,citrus fruit,pip fruit,brown bread,shopping bags,whipped/sour cream,,
margarine,yogurt,detergent,pip fruit,fruit/vegetable juice,tropical fruit,,,,
citrus fruit,,,,,,,,,
pastry,brown bread,whole milk,coffee,sausage,detergent,tropical fruit,root vegetables,fruit/vegetable juice,
hamburger meat,ice cream,whole milk,,,,,,,
soda,cream cheese,root vegetables,pip fruit,curd,fruit/vegetable juice,frozen vegetables,bottled water,butter,
hamburger meat,citrus fruit,cream cheese,fruit/vegetable juice,,,,,,
brown bread,chicken,fruit/vegetable juice,other vegetables,sausage,soda,pastry,yogurt,,
pip fruit,whipped/sour cream,bottled water,sausage,yogurt,brown bread,fruit/vegetable juice,root vegetables,frozen vegetables,detergent
root vegetables,butter,other vegetables,brown bread,,,,,,
curd,margarine,,,,,,,,
coffee,tropical fruit,chicken,shopping bags,,,,,,
chicken,bottled water,cream cheese,soda,sausage,other vegetables,,,,
ice cream,whole milk,whipped/sour cream,margarine,detergent,,,,,
tropical fruit,newspapers,butter,fruit/vegetable juice,curd,napkins,margarine,,,
chicken,cream cheese,sausage,brown bread,,,,,,
fruit/vegetable juice,ice cream,bottled water,coffee,tropical fruit,detergent,citrus fruit,newspapers,pastry,soda
ice cream,other vegetables,whole milk,,,,,,,
pastry,citrus fruit,whipped/sour cream,,,,,,,
soda,whole milk,cream cheese,brown bread,sausage,domestic eggs,other vegetables,butter,margarine,
whole milk,cream cheese,citrus fruit,shopping bags,,,,,,
citrus fruit,domestic eggs,tropical fruit,ice cream,pip fruit,pork,curd,,,
citrus fruit,hamburger meat,napkins,bottled water,soda,,,,,
rolls/buns,yogurt,,,,,,,,
domestic eggs,chicken,cream cheese,pastry,coffee,newspapers,,,,
rolls/buns,napkins,tropical fruit,whole milk,chicken,root vegetables,,,,
butter,curd,tropical fruit,other vegetables,whole milk,sausage,chicken,whipped/sour cream,,
sausage,pip fruit,butter,bottled water,hamburger meat,chicken,frozen vegetables,yogurt,other vegetables,
fruit/vegetable juice,butter,pastry,root vegetables,sausage,tropical fruit,pip fruit,frozen vegetables,,
soda,curd,domestic eggs,,,,,,,
brown bread,,,,,,,,,
soda,whole milk,pip fruit,ice cream,yogurt,pork,tropical fruit,sausage,margarine,
other vegetables,chicken,coffee,domestic eggs,pip fruit,napkins,,,,
pip fruit,brown bread,domestic eggs,sausage,yogurt,shopping bags,,,,
soda,chicken,coffee,citrus fruit,cream cheese,,,,,
curd,,,,,,,,,
root vegetables,coffee,whipped/sour cream,hamburger meat,ice cream,rolls/buns,,,,
whipped/sour cream,detergent,ice cream,pork,whole milk,sausage,yogurt,butter,,
shopping bags,hamburger meat,yogurt,napkins,coffee,whole milk,newspapers,citrus fruit,pip fruit,root vegetables
margarine,rolls/buns,cream cheese,frozen vegetables,pip fruit,pork,fruit/vegetable juice,soda,,
pork,frozen vegetables,pastry,root vegetables,coffee,margarine,,,,
bottled water,pork,sausage,pip fruit,,,,,,
rolls/buns,fruit/vegetable juice,,,,,,,,
fruit/vegetable juice,frozen vegetables,shopping bags,pip fruit,brown bread,soda,coffee,,,
butter,frozen vegetables,rolls/buns,pork,bottled water,other vegetables,whole milk,domestic eggs,whipped/sour cream,sausage
bottled water,curd,yogurt,pip fruit,shopping bags,pork,frozen vegetables,domestic eggs,soda,
chicken,napkins,whipped/sour cream,pork,domestic eggs,soda,hamburger meat,other vegetables,pastry,fruit/vegetable juice
root vegetables,rolls/buns,,,,,,,,
napkins,detergent,frozen vegetables,soda,domestic eggs,butter,shopping bags,tropical fruit,,
soda,chicken,hamburger meat,pork,brown bread,pastry,cream cheese,rolls/buns,tropical fruit,citrus fruit
frozen vegetables,domestic eggs,,,,,,,,
newspapers,whole milk,detergent,brown bread,curd,butter,domestic eggs,coffee,,
coffee,domestic eggs,tropical fruit,whipped/sour cream,,,,,,
bottled water,fruit/vegetable juice,newspapers,sausage,pip fruit,napkins,,,,
fruit/vegetable juice,bottled water,newspapers,whipped/sour cream,margarine,coffee,,,,
citrus fruit,fruit/vegetable juice,detergent,butter,,,,,,
butter,,,,,,,,,
pork,pastry,,,,,,,,
whole milk,,,,,,,,,
brown bread,shopping bags,coffee,frozen vegetables,,,,,,
domestic eggs,yogurt,whole milk,butter,sausage,soda,shopping bags,,,
chicken,domestic eggs,,,,,,,,
root vegetables,pastry,whipped/sour cream,yogurt,butter,newspapers,coffee,citrus fruit,,
fruit/vegetable juice,newspapers,coffee,brown bread,tropical fruit,,,,,
butter,margarine,whipped/sour cream,root vegetables,shopping bags,frozen vegetables,rolls/buns,whole milk,,
rolls/buns,cream cheese,tropical fruit,fruit/vegetable juice,detergent,other vegetables,coffee,chicken,,
cream cheese,fruit/vegetable juice,domestic eggs,napkins,pork,margarine,whole milk,tropical fruit,detergent,frozen vegetables
butter,pastry,root vegetables,yogurt,tropical fruit,rolls/buns,soda,,,
root vegetables,frozen vegetables,,,,,,,,
shopping bags,hamburger meat,bottled water,curd,coffee,brown bread,,,,
curd,yogurt,bottled water,ice cream,citrus fruit,,,,,
other vegetables,whipped/sour cream,hamburger meat,cream cheese,soda,rolls/buns,citrus fruit,shopping bags,domestic eggs,whole milk
chicken,sausage,butter,frozen vegetables,newspapers,ice cream,,,,
sausage,whole milk,detergent,brown bread,margarine,shopping bags,butter,newspapers,whipped/sour cream,
citrus fruit,yogurt,whole milk,cream cheese,,,,,,
cream cheese,,,,,,,,,
rolls/buns,fruit/vegetable juice,soda,hamburger meat,,,,,,
margarine,tropical fruit,yogurt,chicken,rolls/buns,napkins,frozen vegetables,,,
newspapers,pork,bottled water,shopping bags,other vegetables,napkins,curd,tropical fruit,cream cheese,
detergent,frozen vegetables,citrus fruit,ice cream,margarine,bottled water,coffee,chicken,,
bottled water,newspapers,,,,,,,,
brown bread,pastry,citrus fruit,pork,other vegetables,butter,pip fruit,bottled water,soda,
bottled water,,,,,,,,,
root vegetables,,,,,,,,,
sausage,curd,bottled water,pork,citrus fruit,brown bread,napkins,ice cream,,
rolls/buns,frozen vegetables,cream cheese,pastry,coffee,domestic eggs,pork,other vegetables,soda,
rolls/buns,hamburger meat,coffee,pastry,fruit/vegetable juice,shopping bags,,,,
napkins,other vegetables,,,,,,,,
shopping bags,ice cream,cream cheese,whole milk,fruit/vegetable juice,sausage,yogurt,other vegetables,rolls/buns,frozen vegetables
fruit/vegetable juice,citrus fruit,yogurt,,,,,,,
bottled water,hamburger meat,ice cream,pastry,rolls/buns,curd,newspapers,,,
frozen vegetables,coffee,detergent,sausage,newspapers,root vegetables,tropical fruit,shopping bags,whole milk,fruit/vegetable juice
other vegetables,,,,,,,,,
other vegetables,whipped/sour cream,newspapers,yogurt,shopping bags,bottled water,tropical fruit,margarine,fruit/vegetable juice,
whole milk,pip fruit,newspapers,other vegetables,tropical fruit,,,,,
pastry,bottled water,rolls/buns,detergent,napkins,chicken,yogurt,whipped/sour cream,,
soda,napkins,yogurt,pip fruit,frozen vegetables,cream cheese,hamburger meat,rolls/buns,,
cream cheese,rolls/buns,butter,napkins,coffee,brown bread,newspapers,domestic eggs,ice cream,
ice cream,sausage,citrus fruit,hamburger meat,tropical fruit,napkins,,,,
soda,rolls/buns,whipped/sour cream,margarine,,,,,,
margarine,detergent,root vegetables,citrus fruit,shopping bags,,,,,
brown bread,detergent,tropical fruit,pip fruit,chicken,,,,,
citrus fruit,other vegetables,butter,frozen vegetables,,,,,,
whipped/sour cream,margarine,,,,,,,,
citrus fruit,pip fruit,other vegetables,shopping bags,detergent,newspapers,,,,
curd,sausage,whole milk,butter,,,,,,
bottled water,domestic eggs,butter,ice cream,other vegetables,,,,,
rolls/buns,root vegetables,other vegetables,ice cream,newspapers,tropical fruit,shopping bags,pastry,,
detergent,chicken,brown bread,margarine,root vegetables,ice cream,pastry,whole milk,tropical fruit,
shopping bags,bottled water,other vegetables,brown bread,tropical fruit,newspapers,whipped/sour cream,,,
frozen vegetables,newspapers,ice cream,detergent,whipped/sour cream,,,,,
chicken,domestic eggs,napkins,hamburger meat,frozen vegetables,soda,bottled water,tropical fruit,,
margarine,root vegetables,sausage,tropical fruit,whole milk,citrus fruit,coffee,cream cheese,,
sausage,whole milk,shopping bags,whipped/sour cream,cream cheese,,,,,
yogurt,root vegetables,bottled water,shopping bags,pip fruit,detergent,,,,
margarine,detergent,soda,newspapers,,,,,,
yogurt,other vegetables,tropical fruit,citrus fruit,,,,,,
domestic eggs,cream cheese,napkins,,,,,,,
tropical fruit,soda,frozen vegetables,newspapers,,,,,,
brown bread,pastry,coffee,frozen vegetables,curd,fruit/vegetable juice,tropical fruit,,,
rolls/buns,,,,,,,,,
ice cream,shopping bags,whole milk,brown bread,,,,,,
frozen vegetables,hamburger meat,other vegetables,domestic eggs,root vegetables,pip fruit,soda,bottled water,,
cream cheese,,,,,,,,,
pastry,,,,,,,,,
fruit/vegetable juice,curd,,,,,,,,
frozen vegetables,chicken,root vegetables,citrus fruit,fruit/vegetable juice,,,,,
citrus fruit,root vegetables,whole milk,shopping bags,soda,brown bread,hamburger meat,,,
domestic eggs,detergent,other vegetables,bottled water,butter,napkins,ice cream,,,
pip fruit,curd,rolls/buns,yogurt,sausage,cream cheese,,,,
sausage,other vegetables,pastry,,,,,,,
frozen vegetables,yogurt,butter,sausage,bottled water,pork,napkins,chicken,pip fruit,pastry
other vegetables,domestic eggs,brown bread,sausage,pip fruit,fruit/vegetable juice,chicken,citrus fruit,whole milk,
coffee,rolls/buns,domestic eggs,,,,,,,
detergent,root vegetables,fruit/vegetable juice,citrus fruit,whipped/sour cream,bottled water,other vegetables,hamburger meat,,
other vegetables,citrus fruit,yogurt,coffee,cream cheese,whipped/sour cream,,,,
chicken,whole milk,domestic eggs,cream cheese,,,,,,
whipped/sour cream,butter,,,,,,,,
frozen vegetables,newspapers,citrus fruit,napkins,other vegetables,rolls/buns,soda,fruit/vegetable juice,hamburger meat,pip fruit
hamburger meat,cream cheese,domestic eggs,margarine,,,,,,
cream cheese,bottled water,fruit/vegetable juice,yogurt,curd,butter,whole milk,,,
butter,shopping bags,coffee,yogurt,ice cream,whipped/sour cream,hamburger meat,frozen vegetables,,
shopping bags,pastry,root vegetables,tropical fruit,,,,,,
coffee,fruit/vegetable juice,,,,,,,,
newspapers,detergent,pork,citrus fruit,butter,,,,,
coffee,curd,frozen vegetables,whipped/sour cream,yogurt,pork,detergent,whole milk,,
detergent,,,,,,,,,
citrus fruit,newspapers,ice cream,detergent,,,,,,
shopping bags,whole milk,chicken,pip fruit,citrus fruit,soda,hamburger meat,domestic eggs,rolls/buns,pork
hamburger meat,,,,,,,,,
coffee,margarine,cream cheese,frozen vegetables,napkins,chicken,soda,fruit/vegetable juice,bottled water,whole milk
bottled water,margarine,coffee,ice cream,frozen vegetables,rolls/buns,root vegetables,detergent,pastry,
newspapers,citrus fruit,whipped/sour cream,,,,,,,
curd,whole milk,napkins,tropical fruit,coffee,,,,,
shopping bags,pastry,pork,soda,root vegetables,fruit/vegetable juice,detergent,curd,,
other vegetables,sausage,fruit/vegetable juice,margarine,pip fruit,pork,whole milk,napkins,,
bottled water,whipped/sour cream,,,,,,,,
brown bread,fruit/vegetable juice,curd,frozen vegetables,napkins,root vegetables,soda,,,
bottled water,napkins,frozen vegetables,root vegetables,pip fruit,,,,,
soda,fruit/vegetable juice,butter,,,,,,,
butter,rolls/buns,coffee,chicken,fruit/vegetable juice,domestic eggs,whole milk,,,
pork,sausage,napkins,hamburger meat,frozen vegetables,pastry,cream cheese,curd,yogurt,whipped/sour cream
root vegetables,cream cheese,frozen vegetables,detergent,margarine,,,,,
pork,yogurt,tropical fruit,root vegetables,domestic eggs,pip fruit,whipped/sour cream,fruit/vegetable juice,rolls/buns,pastry
brown bread,other vegetables,,,,,,,,
yogurt,cream cheese,pip fruit,ice cream,detergent,citrus fruit,shopping bags,chicken,curd,other vegetables
other vegetables,brown bread,cream cheese,pip fruit,soda,margarine,chicken,,,
detergent,other vegetables,ice cream,rolls/buns,hamburger meat,domestic eggs,shopping bags,chicken,pork,coffee
brown bread,curd,yogurt,whipped/sour cream,fruit/vegetable juice,frozen vegetables,root vegetables,pork,citrus fruit,
butter,hamburger meat,napkins,ice cream,tropical fruit,chicken,margarine,soda,pastry,whipped/sour cream
newspapers,whipped/sour cream,ice cream,pip fruit,cream cheese,citrus fruit,sausage,detergent,,
pastry,cream cheese,whipped/sour cream,butter,brown bread,ice cream,hamburger meat,,,
frozen vegetables,,,,,,,,,
shopping bags,chicken,pip fruit,,,,,,,
detergent,pork,coffee,yogurt,brown bread,,,,,
pastry,soda,,,,,,,,
citrus fruit,frozen vegetables,,,,,,,,
pip fruit,fruit/vegetable juice,bottled water,chicken,rolls/buns,domestic eggs,,,,
yogurt,rolls/buns,coffee,brown bread,margarine,pastry,whole milk,hamburger meat,tropical fruit,
tropical fruit,frozen vegetables,whole milk,butter,hamburger meat,soda,coffee,yogurt,rolls/buns,ice cream
rolls/buns,margarine,whipped/sour cream,napkins,yogurt,chicken,,,,
shopping bags,fruit/vegetable juice,,,,,,,,
chicken,frozen vegetables,other vegetables,cream cheese,whipped/sour cream,brown bread,hamburger meat,,,
bottled water,,,,,,,,,
pastry,soda,brown bread,cream cheese,yogurt,curd,coffee,butter,root vegetables,detergent
ice cream,yogurt,newspapers,soda,chicken,rolls/buns,margarine,coffee,napkins,
pip fruit,coffee,pastry,frozen vegetables,chicken,hamburger meat,,,,
pork,shopping bags,yogurt,butter,soda,detergent,whole milk,citrus fruit,,
bottled water,yogurt,margarine,shopping bags,pip fruit,chicken,pork,hamburger meat,curd,
citrus fruit,tropical fruit,shopping bags,pastry,yogurt,newspapers,soda,ice cream,frozen vegetables,
frozen vegetables,chicken,pastry,yogurt,,,,,,
coffee,pip fruit,,,,,,,,
pip fruit,curd,soda,newspapers,ice cream,sausage,coffee,tropical fruit,pork,brown bread
pastry,rolls/buns,butter,napkins,newspapers,fruit/vegetable juice,yogurt,whipped/sour cream,,
butter,newspapers,margarine,,,,,,,
pip fruit,whipped/sour cream,domestic eggs,root vegetables,butter,brown bread,citrus fruit,sausage,pastry,fruit/vegetable juice
yogurt,bottled water,ice cream,,,,,,,
frozen vegetables,,,,,,,,,
detergent,yogurt,margarine,,,,,,,
newspapers,detergent,chicken,,,,,,,
whole milk,bottled water,shopping bags,,,,,,,
curd,ice cream,soda,,,,,,,
shopping bags,frozen vegetables,cream cheese,whipped/sour cream,tropical fruit,margarine,rolls/buns,,,
napkins,yogurt,pip fruit,tropical fruit,,,,,,
napkins,root vegetables,whole milk,,,,,,,
domestic eggs,detergent,butter,chicken,rolls/buns,bottled water,,,,
pip fruit,detergent,sausage,ice cream,tropical fruit,citrus fruit,,,,
pastry,margarine,newspapers,tropical fruit,bottled water,,,,,
napkins,detergent,ice cream,other vegetables,,,,,,
fruit/vegetable juice,,,,,,,,,
pastry,newspapers,pip fruit,coffee,hamburger meat,margarine,,,,
citrus fruit,margarine,,,,,,,,
citrus fruit,napkins,tropical fruit,cream cheese,whipped/sour cream,frozen vegetables,sausage,,,
frozen vegetables,margarine,,,,,,,,
margarine,,,,,,,,,
yogurt,whole milk,detergent,,,,,,,
bottled water,,,,,,,,,
coffee,domestic eggs,tropical fruit,pork,chicken,sausage,curd,ice cream,root vegetables,
newspapers,soda,whole milk,coffee,yogurt,pastry,,,,
shopping bags,,,,,,,,,
coffee,,,,,,,,,
shopping bags,fruit/vegetable juice,pip fruit,other vegetables,soda,whole milk,whipped/sour cream,,,
hamburger meat,chicken,whipped/sour cream,whole milk,curd,root vegetables,sausage,other vegetables,margarine,brown bread
fruit/vegetable juice,chicken,curd,frozen vegetables,bottled water,,,,,
bottled water,pork,root vegetables,rolls/buns,napkins,citrus fruit,,,,
rolls/buns,soda,chicken,pork,shopping bags,whipped/sour cream,,,,
detergent,bottled water,pork,yogurt,domestic eggs,tropical fruit,whole milk,,,
ice cream,whole milk,brown bread,bottled water,whipped/sour cream,citrus fruit,pork,rolls/buns,pip fruit,pastry
pork,bottled water,newspapers,brown bread,curd,yogurt,,,,
shopping bags,ice cream,pork,hamburger meat,soda,yogurt,whole milk,newspapers,napkins,
butter,frozen vegetables,,,,,,,,
whipped/sour cream,pork,soda,tropical fruit,margarine,fruit/vegetable juice,pastry,,,
hamburger meat,pastry,brown bread,frozen vegetables,fruit/vegetable juice,domestic eggs,,,,
coffee,pastry,butter,newspapers,whipped/sour cream,fruit/vegetable juice,domestic eggs,brown bread,sausage,
coffee,citrus fruit,whole milk,detergent,domestic eggs,curd,brown bread,,,
yogurt,whole milk,pip fruit,detergent,sausage,brown bread,,,,
root vegetables,citrus fruit,shopping bags,sausage,soda,whole milk,other vegetables,frozen vegetables,yogurt,pastry
domestic eggs,whipped/sour cream,pork,citrus fruit,ice cream,curd,root vegetables,,,
brown bread,yogurt,shopping bags,cream cheese,,,,,,
butter,rolls/buns,root vegetables,,,,,,,
detergent,whole milk,pork,curd,,,,,,
pastry,shopping bags,bottled water,,,,,,,
brown bread,rolls/buns,other vegetables,,,,,,,
hamburger meat,other vegetables,fruit/vegetable juice,bottled water,domestic eggs,newspapers,ice cream,cream cheese,,
fruit/vegetable juice,domestic eggs,whipped/sour cream,napkins,curd,detergent,,,,
whipped/sour cream,shopping bags,other vegetables,fruit/vegetable juice,curd,pork,pip fruit,pastry,ice cream,
napkins,root vegetables,hamburger meat,pastry,yogurt,,,,,
tropical fruit,newspapers,coffee,cream cheese,chicken,,,,,
citrus fruit,newspapers,butter,hamburger meat,yogurt,,,,,
cream cheese,rolls/buns,pastry,,,,,,,
soda,pork,rolls/buns,,,,,,,
domestic eggs,coffee,rolls/buns,yogurt,,,,,,
newspapers,frozen vegetables,,,,,,,,
ice cream,,,,,,,,,
fruit/vegetable juice,chicken,whole milk,,,,,,,
fruit/vegetable juice,domestic eggs,,,,,,,,
margarine,other vegetables,brown bread,whole milk,detergent,pork,ice cream,,,
tropical fruit,frozen vegetables,ice cream,brown bread,whipped/sour cream,soda,rolls/buns,fruit/vegetable juice,,
whole milk,chicken,newspapers,,,,,,,
root vegetables,tropical fruit,sausage,whole milk,whipped/sour cream,pastry,,,,
fruit/vegetable juice,tropical fruit,domestic eggs,curd,coffee,frozen vegetables,cream cheese,,,
coffee,citrus fruit,chicken,hamburger meat,napkins,soda,domestic eggs,shopping bags,fruit/vegetable juice,cream cheese
domestic eggs,fruit/vegetable juice,rolls/buns,pastry,soda,bottled water,detergent,,,
cream cheese,soda,sausage,yogurt,whole milk,other vegetables,napkins,brown bread,root vegetables,
citrus fruit,butter,root vegetables,detergent,,,,,,
napkins,,,,,,,,,
cream cheese,whipped/sour cream,ice cream,,,,,,,
pastry,whipped/sour cream,rolls/buns,butter,hamburger meat,citrus fruit,brown bread,pork,,
frozen vegetables,cream cheese,newspapers,bottled water,tropical fruit,domestic eggs,citrus fruit,pip fruit,,
cream cheese,pip fruit,pastry,newspapers,,,,,,
chicken,root vegetables,whipped/sour cream,,,,,,,
yogurt,whipped/sour cream,bottled water,margarine,hamburger meat,,,,,
fruit/vegetable juice,tropical fruit,pork,other vegetables,,,,,,
cream cheese,hamburger meat,brown bread,curd,coffee,,,,,
newspapers,margarine,cream cheese,shopping bags,rolls/buns,,,,,
cream cheese,,,,,,,,,
yogurt,coffee,pork,detergent,,,,,,
chicken,pork,domestic eggs,curd,pip fruit,soda,root vegetables,pastry,yogurt,butter
pip fruit,newspapers,coffee,whipped/sour cream,frozen vegetables,tropical fruit,ice cream,napkins,butter,
rolls/buns,,,,,,,,,
pastry,yogurt,citrus fruit,cream cheese,whole milk,,,,,
other vegetables,chicken,pip fruit,coffee,tropical fruit,yogurt,citrus fruit,,,
sausage,pastry,butter,newspapers,domestic eggs,bottled water,pip fruit,curd,,
other vegetables,curd,domestic eggs,ice cream,whipped/sour cream,yogurt,tropical fruit,fruit/vegetable juice,root vegetables,
domestic eggs,pastry,pip fruit,margarine,citrus fruit,bottled water,root vegetables,yogurt,,
rolls/buns,curd,whole milk,pastry,root vegetables,whipped/sour cream,coffee,butter,cream cheese,tropical fruit
soda,frozen vegetables,brown bread,bottled water,sausage,curd,newspapers,,,
root vegetables,ice cream,pork,pastry,pip fruit,shopping bags,yogurt,detergent,soda,rolls/buns
frozen vegetables,sausage,,,,,,,,
hamburger meat,shopping bags,butter,,,,,,,
root vegetables,soda,brown bread,yogurt,rolls/buns,coffee,other vegetables,pastry,whole milk,
newspapers,citrus fruit,shopping bags,,,,,,,
citrus fruit,yogurt,detergent,,,,,,,
pastry,pip fruit,,,,,,,,
pip fruit,,,,,,,,,
butter,tropical fruit,citrus fruit,rolls/buns,yogurt,detergent,margarine,hamburger meat,bottled water,
pastry,yogurt,margarine,tropical fruit,,,,,,
fruit/vegetable juice,citrus fruit,whole milk,ice cream,newspapers,tropical fruit,yogurt,whipped/sour cream,domestic eggs,detergent
fruit/vegetable juice,hamburger meat,citrus fruit,sausage,,,,,,
frozen vegetables,soda,butter,citrus fruit,,,,,,
whipped/sour cream,citrus fruit,coffee,pastry,,,,,,
cream cheese,yogurt,shopping bags,domestic eggs,citrus fruit,chicken,pork,coffee,curd,
root vegetables,sausage,brown bread,pork,butter,,,,,
pastry,rolls/buns,,,,,,,,
frozen vegetables,margarine,,,,,,,,
whole milk,other vegetables,fruit/vegetable juice,cream cheese,chicken,sausage,,,,
pork,chicken,whole milk,sausage,coffee,soda,whipped/sour cream,pip fruit,,
sausage,domestic eggs,detergent,soda,butter,,,,,
other vegetables,frozen vegetables,margarine,butter,root vegetables,,,,,
cream cheese,rolls/buns,margarine,napkins,citrus fruit,chicken,domestic eggs,soda,other vegetables,
pastry,,,,,,,,,
other vegetables,soda,,,,,,,,
tropical fruit,butter,chicken,domestic eggs,yogurt,whole milk,curd,napkins,brown bread,shopping bags
citrus fruit,chicken,margarine,pip fruit,other vegetables,brown bread,,,,
napkins,brown bread,yogurt,rolls/buns,whole milk,,,,,
citrus fruit,coffee,napkins,brown bread,whipped/sour cream,curd,whole milk,detergent,pip fruit,frozen vegetables
pastry,cream cheese,napkins,,,,,,,
cream cheese,butter,sausage,citrus fruit,tropical fruit,newspapers,fruit/vegetable juice,ice cream,rolls/buns,
root vegetables,chicken,margarine,domestic eggs,,,,,,
pork,pastry,bottled water,domestic eggs,fruit/vegetable juice,tropical fruit,ice cream,margarine,,
margarine,ice cream,soda,,,,,,,
butter,bottled water,detergent,pip fruit,sausage,ice cream,napkins,brown bread,,
root vegetables,whipped/sour cream,cream cheese,newspapers,soda,yogurt,shopping bags,frozen vegetables,pastry,fruit/vegetable juice
pastry,frozen vegetables,detergent,chicken,,,,,,
citrus fruit,hamburger meat,rolls/buns,other vegetables,domestic eggs,shopping bags,cream cheese,fruit/vegetable juice,root vegetables,brown bread
pork,root vegetables,cream cheese,soda,pastry,shopping bags,ice cream,rolls/buns,sausage,
domestic eggs,cream cheese,butter,,,,,,,
bottled water,yogurt,sausage,cream cheese,pip fruit,citrus fruit,tropical fruit,,,
coffee,whipped/sour cream,other vegetables,chicken,,,,,,
margarine,ice cream,frozen vegetables,curd,napkins,root vegetables,sausage,yogurt,,
domestic eggs,tropical fruit,detergent,yogurt,,,,,,
frozen vegetables,pip fruit,coffee,tropical fruit,curd,,,,,
pastry,hamburger meat,newspapers,cream cheese,pork,chicken,fruit/vegetable juice,root vegetables,citrus fruit,
chicken,bottled water,detergent,brown bread,hamburger meat,root vegetables,shopping bags,frozen vegetables,,
chicken,root vegetables,margarine,rolls/buns,detergent,pip fruit,coffee,other vegetables,,
whipped/sour cream,chicken,,,,,,,,
fruit/vegetable juice,tropical fruit,other vegetables,chicken,napkins,sausage,cream cheese,,,
pastry,fruit/vegetable juice,coffee,rolls/buns,soda,,,,,
whipped/sour cream,ice cream,,,,,,,,
root vegetables,tropical fruit,coffee,,,,,,,
curd,newspapers,,,,,,,,
soda,,,,,,,,,
other vegetables,chicken,fruit/vegetable juice,soda,sausage,hamburger meat,whipped/sour cream,whole milk,yogurt,
napkins,detergent,cream cheese,curd,frozen vegetables,tropical fruit,ice cream,,,
chicken,rolls/buns,whole milk,other vegetables,napkins,pip fruit,yogurt,sausage,cream cheese,curd
newspapers,citrus fruit,,,,,,,,
bottled water,,,,,,,,,
hamburger meat,margarine,cream cheese,whipped/sour cream,soda,chicken,ice cream,coffee,sausage,
whipped/sour cream,shopping bags,napkins,domestic eggs,root vegetables,rolls/buns,,,,
newspapers,margarine,hamburger meat,shopping bags,cream cheese,root vegetables,bottled water,yogurt,rolls/buns,soda
tropical fruit,,,,,,,,,
fruit/vegetable juice,citrus fruit,,,,,,,,
hamburger meat,sausage,frozen vegetables,margarine,cream cheese,chicken,,,,
chicken,rolls/buns,hamburger meat,,,,,,,
root vegetables,ice cream,rolls/buns,,,,,,,
other vegetables,margarine,frozen vegetables,shopping bags,,,,,,
root vegetables,,,,,,,,,
whole milk,rolls/buns,detergent,tropical fruit,citrus fruit,chicken,root vegetables,sausage,soda,
napkins,shopping bags,detergent,curd,fruit/vegetable juice,sausage,,,,
ice cream,margarine,detergent,fruit/vegetable juice,cream cheese,butter,,,,
pastry,fruit/vegetable juice,brown bread,curd,hamburger meat,citrus fruit,pork,root vegetables,soda,
domestic eggs,fruit/vegetable juice,napkins,tropical fruit,cream cheese,chicken,whole milk,soda,,
other vegetables,cream cheese,brown bread,,,,,,,
coffee,butter,yogurt,,,,,,,
coffee,detergent,sausage,ice cream,,,,,,
bottled water,pork,newspapers,coffee,detergent,brown bread,tropical fruit,chicken,napkins,shopping bags
frozen vegetables,tropical fruit,detergent,,,,,,,
napkins,soda,whole milk,yogurt,coffee,rolls/buns,fruit/vegetable juice,sausage,,
whipped/sour cream,whole milk,,,,,,,,
margarine,whipped/sour cream,shopping bags,cream cheese,citrus fruit,,,,,
margarine,napkins,bottled water,sausage,,,,,,
pork,frozen vegetables,curd,soda,margarine,bottled water,shopping bags,butter,,
sausage,ice cream,citrus fruit,root vegetables,,,,,,
fruit/vegetable juice,margarine,,,,,,,,
chicken,margarine,sausage,coffee,shopping bags,,,,,
root vegetables,pastry,soda,newspapers,yogurt,curd,,,,
brown bread,frozen vegetables,newspapers,rolls/buns,,,,,,
coffee,fruit/vegetable juice,,,,,,,,
shopping bags,root vegetables,whipped/sour cream,,,,,,,
cream cheese,soda,rolls/buns,,,,,,,
napkins,detergent,pastry,chicken,pork,butter,shopping bags,,,
coffee,detergent,yogurt,hamburger meat,,,,,,
chicken,detergent,yogurt,fruit/vegetable juice,,,,,,
pip fruit,pastry,soda,hamburger meat,citrus fruit,chicken,whipped/sour cream,brown bread,bottled water,pork
napkins,soda,root vegetables,chicken,pastry,margarine,sausage,rolls/buns,,
shopping bags,root vegetables,pork,,,,,,,
citrus fruit,coffee,cream cheese,whole milk,,,,,,
domestic eggs,ice cream,bottled water,tropical fruit,,,,,,
detergent,chicken,coffee,pastry,,,,,,
yogurt,tropical fruit,other vegetables,detergent,chicken,whole milk,ice cream,sausage,,
bottled water,pork,,,,,,,,
newspapers,fruit/vegetable juice,frozen vegetables,pork,pip fruit,domestic eggs,whole milk,chicken,citrus fruit,cream cheese
soda,tropical fruit,margarine,yogurt,,,,,,
curd,frozen vegetables,chicken,whole milk,hamburger meat,,,,,
curd,whipped/sour cream,chicken,bottled water,tropical fruit,,,,,
tropical fruit,citrus fruit,napkins,,,,,,,
fruit/vegetable juice,ice cream,cream cheese,,,,,,,
bottled water,detergent,frozen vegetables,other vegetables,,,,,,
margarine,newspapers,,,,,,,,
yogurt,,,,,,,,,
pork,margarine,frozen vegetables,brown bread,domestic eggs,,,,,
butter,tropical fruit,root vegetables,citrus fruit,hamburger meat,rolls/buns,margarine,whipped/sour cream,bottled water,brown bread
curd,,,,,,,,,
pip fruit,margarine,whipped/sour cream,ice cream,napkins,soda,butter,domestic eggs,,
ice cream,butter,soda,whole milk,pip fruit,root vegetables,hamburger meat,newspapers,citrus fruit,
root vegetables,napkins,pork,brown bread,sausage,margarine,,,,
tropical fruit,,,,,,,,,
domestic eggs,pork,margarine,whole milk,,,,,,
napkins,brown bread,,,,,,,,
coffee,bottled water,sausage,hamburger meat,pork,margarine,citrus fruit,,,
yogurt,,,,,,,,,
other vegetables,pip fruit,whole milk,pastry,chicken,root vegetables,frozen vegetables,citrus fruit,fruit/vegetable juice,
whipped/sour cream,curd,,,,,,,,
cream cheese,tropical fruit,,,,,,,,
other vegetables,cream cheese,bottled water,chicken,yogurt,whipped/sour cream,domestic eggs,,,
pip fruit,coffee,,,,,,,,
ice cream,sausage,pork,bottled water,,,,,,
root vegetables,,,,,,,,,
yogurt,ice cream,domestic eggs,,,,,,,
bottled water,coffee,brown bread,,,,,,,
pip fruit,,,,,,,,,
hamburger meat,napkins,ice cream,curd,root vegetables,whole milk,,,,
detergent,fruit/vegetable juice,whole milk,frozen vegetables,soda,citrus fruit,,,,
whole milk,rolls/buns,whipped/sour cream,pip fruit,pastry,other vegetables,napkins,frozen vegetables,domestic eggs,curd
cream cheese,whipped/sour cream,bottled water,rolls/buns,hamburger meat,curd,whole milk,,,
coffee,pork,shopping bags,whipped/sour cream,detergent,cream cheese,rolls/buns,,,
domestic eggs,citrus fruit,curd,soda,coffee,brown bread,fruit/vegetable juice,frozen vegetables,other vegetables,
tropical fruit,butter,cream cheese,yogurt,soda,pork,other vegetables,rolls/buns,fruit/vegetable juice,hamburger meat
yogurt,rolls/buns,hamburger meat,fruit/vegetable juice,,,,,,
napkins,frozen vegetables,shopping bags,hamburger meat,whole milk,fruit/vegetable juice,,,,
hamburger meat,sausage,,,,,,,,
shopping bags,ice cream,chicken,fruit/vegetable juice,other vegetables,whole milk,coffee,brown bread,bottled water,
coffee,soda,ice cream,brown bread,sausage,bottled water,curd,yogurt,root vegetables,pastry
rolls/buns,napkins,margarine,frozen vegetables,,,,,,
pastry,cream cheese,napkins,brown bread,whole milk,bottled water,,,,
citrus fruit,bottled water,ice cream,whole milk,newspapers,tropical fruit,,,,
domestic eggs,detergent,chicken,yogurt,bottled water,brown bread,hamburger meat,newspapers,pastry,citrus fruit
curd,other vegetables,detergent,pastry,tropical fruit,yogurt,whipped/sour cream,ice cream,pip fruit,soda
pastry,domestic eggs,yogurt,napkins,root vegetables,tropical fruit,frozen vegetables,brown bread,sausage,
tropical fruit,,,,,,,,,
yogurt,,,,,,,,,
butter,,,,,,,,,
margarine,domestic eggs,,,,,,,,
tropical fruit,napkins,margarine,rolls/buns,frozen vegetables,ice cream,pip fruit,pastry,newspapers,citrus fruit
yogurt,brown bread,pork,whole milk,margarine,bottled water,citrus fruit,whipped/sour cream,napkins,frozen vegetables
cream cheese,detergent,rolls/buns,ice cream,newspapers,,,,,
ice cream,tropical fruit,root vegetables,cream cheese,domestic eggs,pip fruit,citrus fruit,other vegetables,rolls/buns,
coffee,ice cream,shopping bags,yogurt,cream cheese,root vegetables,hamburger meat,butter,sausage,fruit/vegetable juice
yogurt,,,,,,,,,
curd,pastry,fruit/vegetable juice,napkins,,,,,,
cream cheese,bottled water,soda,chicken,margarine,brown bread,,,,
hamburger meat,,,,,,,,,
pip fruit,shopping bags,curd,yogurt,citrus fruit,,,,,
margarine,butter,other vegetables,,,,,,,
whole milk,cream cheese,detergent,pip fruit,fruit/vegetable juice,rolls/buns,tropical fruit,,,
chicken,rolls/buns,domestic eggs,margarine,pip fruit,tropical fruit,cream cheese,detergent,,
shopping bags,,,,,,,,,
fruit/vegetable juice,pip fruit,other vegetables,sausage,whipped/sour cream,napkins,newspapers,curd,yogurt,frozen vegetables
pip fruit,chicken,curd,tropical fruit,,,,,,
citrus fruit,,,,,,,,,
other vegetables,pip fruit,brown bread,rolls/buns,,,,,,
coffee,whipped/sour cream,domestic eggs,hamburger meat,other vegetables,yogurt,,,,
bottled water,soda,,,,,,,,
shopping bags,chicken,newspapers,brown bread,soda,cream cheese,butter,,,
margarine,detergent,cream cheese,sausage,citrus fruit,fruit/vegetable juice,yogurt,pastry,hamburger meat,
brown bread,hamburger meat,root vegetables,sausage,curd,ice cream,newspapers,whipped/sour cream,whole milk,tropical fruit
sausage,cream cheese,other vegetables,whole milk,hamburger meat,yogurt,napkins,whipped/sour cream,margarine,
ice cream,chicken,citrus fruit,newspapers,whipped/sour cream,pork,domestic eggs,rolls/buns,,
coffee,detergent,yogurt,,,,,,,
soda,chicken,ice cream,,,,,,,
pip fruit,other vegetables,butter,,,,,,,
curd,coffee,whole milk,other vegetables,root vegetables,detergent,newspapers,,,
soda,hamburger meat,domestic eggs,coffee,citrus fruit,,,,,
napkins,coffee,soda,bottled water,chicken,domestic eggs,butter,cream cheese,ice cream,rolls/buns
chicken,citrus fruit,sausage,,,,,,,
sausage,butter,,,,,,,,
butter,root vegetables,frozen vegetables,margarine,sausage,hamburger meat,napkins,pastry,,
citrus fruit,other vegetables,margarine,bottled water,pastry,newspapers,root vegetables,hamburger meat,ice cream,fruit/vegetable juice
curd,yogurt,napkins,butter,whole milk,tropical fruit,citrus fruit,,,
hamburger meat,bottled water,curd,,,,,,,
pip fruit,hamburger meat,margarine,ice cream,newspapers,,,,,
citrus fruit,pip fruit,napkins,butter,soda,whole milk,,,,
root vegetables,pastry,detergent,hamburger meat,newspapers,pip fruit,sausage,butter,,
other vegetables,,,,,,,,,
ice cream,whipped/sour cream,curd,detergent,margarine,whole milk,soda,chicken,,
root vegetables,pork,napkins,,,,,,,
shopping bags,pastry,whole milk,,,,,,,
shopping bags,sausage,other vegetables,butter,pip fruit,,,,,
other vegetables,rolls/buns,,,,,,,,
brown bread,,,,,,,,,
whipped/sour cream,shopping bags,pastry,ice cream,root vegetables,napkins,coffee,,,
curd,yogurt,tropical fruit,napkins,rolls/buns,fruit/vegetable juice,soda,butter,coffee,
newspapers,,,,,,,,,
tropical fruit,curd,sausage,bottled water,other vegetables,,,,,
napkins,citrus fruit,whole milk,tropical fruit,whipped/sour cream,cream cheese,yogurt,butter,detergent,soda
newspapers,butter,rolls/buns,pork,pastry,yogurt,whipped/sour cream,,,
frozen vegetables,whipped/sour cream,other vegetables,yogurt,hamburger meat,pastry,pork,butter,detergent,bottled water
napkins,pork,sausage,yogurt,detergent,whipped/sour cream,chicken,shopping bags,curd,newspapers
fruit/vegetable juice,tropical fruit,hamburger meat,butter,coffee,,,,,
hamburger meat,,,,,,,,,
fruit/vegetable juice,curd,cream cheese,whipped/sour cream,pastry,ice cream,,,,
coffee,whipped/sour cream,tropical fruit,pastry,brown bread,detergent,napkins,,,
fruit/vegetable juice,coffee,tropical fruit,chicken,domestic eggs,,,,,
whipped/sour cream,curd,frozen vegetables,shopping bags,whole milk,brown bread,fruit/vegetable juice,,,
sausage,yogurt,,,,,,,,
tropical fruit,pastry,root vegetables,margarine,hamburger meat,newspapers,frozen vegetables,fruit/vegetable juice,napkins,
rolls/buns,other vegetables,yogurt,,,,,,,
soda,domestic eggs,sausage,margarine,,,,,,
pork,whole milk,detergent,citrus fruit,margarine,napkins,whipped/sour cream,soda,fruit/vegetable juice,
whipped/sour cream,newspapers,root vegetables,pork,pastry,brown bread,pip fruit,shopping bags,margarine,
bottled water,newspapers,hamburger meat,shopping bags,whipped/sour cream,coffee,pork,chicken,rolls/buns,
pip fruit,chicken,hamburger meat,napkins,sausage,fruit/vegetable juice,pastry,,,
coffee,,,,,,,,,
whole milk,detergent,shopping bags,domestic eggs,root vegetables,ice cream,frozen vegetables,hamburger meat,other vegetables,sausage
yogurt,chicken,detergent,whipped/sour cream,pip fruit,brown bread,,,,
pork,curd,tropical fruit,shopping bags,,,,,,
domestic eggs,soda,,,,,,,,
rolls/buns,domestic eggs,curd,butter,bottled water,,,,,
butter,soda,pip fruit,sausage,coffee,ice cream,whipped/sour cream,newspapers,,
other vegetables,ice cream,sausage,cream cheese,,,,,,
shopping bags,hamburger meat,fruit/vegetable juice,napkins,soda,,,,,
pastry,soda,other vegetables,domestic eggs,whole milk,,,,,
fruit/vegetable juice,shopping bags,domestic eggs,coffee,citrus fruit,butter,yogurt,pork,rolls/buns,
pip fruit,whipped/sour cream,detergent,napkins,domestic eggs,yogurt,newspapers,butter,coffee,
brown bread,whole milk,tropical fruit,chicken,coffee,soda,margarine,fruit/vegetable juice,detergent,
coffee,margarine,sausage,shopping bags,,,,,,
fruit/vegetable juice,coffee,shopping bags,ice cream,yogurt,butter,curd,soda,frozen vegetables,
brown bread,cream cheese,whipped/sour cream,rolls/buns,bottled water,newspapers,domestic eggs,butter,frozen vegetables,citrus fruit
pastry,yogurt,bottled water,brown bread,coffee,,,,,
pip fruit,butter,bottled water,tropical fruit,,,,,,
hamburger meat,butter,rolls/buns,newspapers,shopping bags,chicken,,,,
chicken,whipped/sour cream,brown bread,cream cheese,other vegetables,pastry,root vegetables,shopping bags,newspapers,tropical fruit
coffee,hamburger meat,bottled water,shopping bags,brown bread,fruit/vegetable juice,tropical fruit,cream cheese,rolls/buns,
sausage,newspapers,butter,brown bread,shopping bags,chicken,root vegetables,domestic eggs,,
tropical fruit,yogurt,napkins,frozen vegetables,pork,soda,margarine,whole milk,,
brown bread,soda,newspapers,bottled water,yogurt,whipped/sour cream,shopping bags,curd,margarine,root vegetables
pip fruit,bottled water,rolls/buns,margarine,ice cream,coffee,curd,root vegetables,fruit/vegetable juice,tropical fruit
coffee,margarine,napkins,pip fruit,whipped/sour cream,bottled water,tropical fruit,pork,root vegetables,
detergent,brown bread,other vegetables,margarine,newspapers,root vegetables,rolls/buns,bottled water,whipped/sour cream,pork
root vegetables,newspapers,ice cream,pastry,bottled water,citrus fruit,coffee,whipped/sour cream,hamburger meat,
fruit/vegetable juice,citrus fruit,other vegetables,rolls/buns,frozen vegetables,,,,,
pork,fruit/vegetable juice,brown bread,root vegetables,tropical fruit,butter,margarine,ice cream,,
fruit/vegetable juice,butter,napkins,sausage,detergent,citrus fruit,cream cheese,pip fruit,,
margarine,other vegetables,shopping bags,sausage,napkins,rolls/buns,detergent,citrus fruit,pastry,
pip fruit,domestic eggs,shopping bags,tropical fruit,yogurt,,,,,
napkins,soda,,,,,,,,
other vegetables,cream cheese,whole milk,fruit/vegetable juice,brown bread,soda,margarine,root vegetables,,
pork,napkins,butter,hamburger meat,pastry,ice cream,,,,
frozen vegetables,curd,butter,pork,fruit/vegetable juice,citrus fruit,,,,
other vegetables,napkins,chicken,margarine,hamburger meat,frozen vegetables,tropical fruit,,,
rolls/buns,frozen vegetables,domestic eggs,citrus fruit,fruit/vegetable juice,butter,coffee,curd,,
citrus fruit,other vegetables,coffee,,,,,,,
butter,root vegetables,soda,ice cream,,,,,,
tropical fruit,sausage,whipped/sour cream,bottled water,soda,curd,detergent,fruit/vegetable juice,napkins,yogurt
domestic eggs,,,,,,,,,
tropical fruit,margarine,,,,,,,,
fruit/vegetable juice,,,,,,,,,
napkins,tropical fruit,newspapers,whipped/sour cream,,,,,,
root vegetables,rolls/buns,,,,,,,,
whipped/sour cream,butter,tropical fruit,napkins,root vegetables,pork,shopping bags,margarine,newspapers,other vegetables
curd,whole milk,pastry,brown bread,ice cream,napkins,pork,,,
hamburger meat,detergent,,,,,,,,
cream cheese,fruit/vegetable juice,frozen vegetables,napkins,domestic eggs,newspapers,,,,
pork,,,,,,,,,
coffee,sausage,cream cheese,rolls/buns,margarine,soda,tropical fruit,brown bread,,
yogurt,fruit/vegetable juice,other vegetables,shopping bags,curd,coffee,pip fruit,brown bread,root vegetables,
domestic eggs,rolls/buns,pastry,newspapers,,,,,,
soda,chicken,,,,,,,,
newspapers,pastry,sausage,whipped/sour cream,other vegetables,brown bread,rolls/buns,,,
butter,sausage,rolls/buns,soda,shopping bags,cream cheese,newspapers,whipped/sour cream,,
frozen vegetables,root vegetables,shopping bags,sausage,pip fruit,rolls/buns,bottled water,domestic eggs,pastry,detergent
coffee,ice cream,frozen vegetables,domestic eggs,,,,,,
ice cream,chicken,hamburger meat,butter,pork,detergent,pastry,frozen vegetables,yogurt,
pip fruit,hamburger meat,butter,whipped/sour cream,root vegetables,rolls/buns,brown bread,sausage,,
soda,butter,whole milk,pastry,sausage,frozen vegetables,citrus fruit,curd,other vegetables,
tropical fruit,citrus fruit,hamburger meat,fruit/vegetable juice,rolls/buns,pork,brown bread,coffee,,
yogurt,tropical fruit,pip fruit,domestic eggs,sausage,,,,,
rolls/buns,bottled water,sausage,cream cheese,whipped/sour cream,,,,,
brown bread,pip fruit,curd,bottled water,napkins,,,,,
bottled water,brown bread,soda,ice cream,other vegetables,shopping bags,pork,,,
hamburger meat,fruit/vegetable juice,margarine,ice cream,whipped/sour cream,bottled water,,,,
butter,margarine,,,,,,,,
yogurt,chicken,pork,newspapers,frozen vegetables,brown bread,coffee,,,
brown bread,coffee,rolls/buns,newspapers,root vegetables,shopping bags,margarine,napkins,cream cheese,
shopping bags,root vegetables,frozen vegetables,margarine,,,,,,
whipped/sour cream,pork,sausage,bottled water,brown bread,domestic eggs,other vegetables,coffee,rolls/buns,tropical fruit
tropical fruit,soda,yogurt,root vegetables,brown bread,shopping bags,whole milk,,,
chicken,shopping bags,pork,fruit/vegetable juice,pip fruit,soda,rolls/buns,bottled water,frozen vegetables,citrus fruit
root vegetables,brown bread,sausage,margarine,whipped/sour cream,,,,,
pip fruit,brown bread,butter,tropical fruit,,,,,,
pork,citrus fruit,tropical fruit,,,,,,,
pip fruit,yogurt,frozen vegetables,whole milk,,,,,,
tropical fruit,frozen vegetables,margarine,detergent,chicken,butter,,,,
tropical fruit,shopping bags,chicken,margarine,bottled water,curd,soda,cream cheese,butter,yogurt
curd,,,,,,,,,
frozen vegetables,,,,,,,,,
frozen vegetables,pip fruit,domestic eggs,margarine,,,,,,
frozen vegetables,yogurt,margarine,pastry,bottled water,hamburger meat,root vegetables,chicken,whole milk,
hamburger meat,,,,,,,,,
coffee,whipped/sour cream,root vegetables,butter,margarine,pork,ice cream,chicken,shopping bags,pip fruit
chicken,shopping bags,,,,,,,,
shopping bags,chicken,pork,frozen vegetables,brown bread,whipped/sour cream,,,,
bottled water,ice cream,root vegetables,other vegetables,brown bread,pastry,soda,tropical fruit,napkins,
citrus fruit,pork,whole milk,fruit/vegetable juice,soda,,,,,
whole milk,chicken,rolls/buns,ice cream,other vegetables,pork,curd,fruit/vegetable juice,napkins,
cream cheese,citrus fruit,frozen vegetables,chicken,,,,,,
chicken,ice cream,soda,,,,,,,
domestic eggs,curd,yogurt,chicken,napkins,citrus fruit,rolls/buns,pastry,cream cheese,
brown bread,,,,,,,,,
hamburger meat,detergent,brown bread,pastry,fruit/vegetable juice,rolls/buns,curd,root vegetables,napkins,shopping bags
sausage,ice cream,yogurt,detergent,brown bread,bottled water,curd,rolls/buns,whipped/sour cream,
shopping bags,chicken,fruit/vegetable juice,frozen vegetables,soda,ice cream,pip fruit,other vegetables,yogurt,citrus fruit
fruit/vegetable juice,newspapers,bottled water,butter,sausage,whipped/sour cream,coffee,ice cream,,
citrus fruit,bottled water,,,,,,,,
yogurt,pastry,,,,,,,,
domestic eggs,soda,bottled water,,,,,,,
brown bread,whipped/sour cream,soda,,,,,,,
rolls/buns,citrus fruit,brown bread,newspapers,cream cheese,whole milk,pastry,,,
curd,brown bread,margarine,detergent,hamburger meat,,,,,
root vegetables,detergent,napkins,,,,,,,
fruit/vegetable juice,whole milk,brown bread,soda,pip fruit,citrus fruit,pork,bottled water,coffee,curd
sausage,tropical fruit,hamburger meat,shopping bags,yogurt,whole milk,bottled water,,,
soda,tropical fruit,domestic eggs,frozen vegetables,fruit/vegetable juice,root vegetables,hamburger meat,detergent,whipped/sour cream,
bottled water,citrus fruit,shopping bags,curd,newspapers,frozen vegetables,other vegetables,,,
detergent,citrus fruit,whole milk,curd,sausage,whipped/sour cream,rolls/buns,,,
newspapers,domestic eggs,citrus fruit,pork,rolls/buns,curd,fruit/vegetable juice,,,
root vegetables,margarine,soda,ice cream,newspapers,cream cheese,shopping bags,,,
hamburger meat,whole milk,frozen vegetables,detergent,rolls/buns,sausage,,,,
pastry,shopping bags,newspapers,domestic eggs,coffee,root vegetables,,,,
margarine,other vegetables,butter,cream cheese,root vegetables,pork,fruit/vegetable juice,shopping bags,curd,coffee
sausage,hamburger meat,fruit/vegetable juice,,,,,,,
pip fruit,whole milk,shopping bags,frozen vegetables,pork,soda,tropical fruit,coffee,napkins,
chicken,pork,pastry,butter,,,,,,
domestic eggs,root vegetables,curd,yogurt,,,,,,
curd,domestic eggs,frozen vegetables,rolls/buns,soda,bottled water,newspapers,,,
ice cream,other vegetables,,,,,,,,
shopping bags,whipped/sour cream,coffee,,,,,,,
detergent,sausage,other vegetables,frozen vegetables,root vegetables,curd,,,,
margarine,chicken,,,,,,,,
domestic eggs,pip fruit,,,,,,,,
newspapers,yogurt,pork,coffee,whole milk,,,,,
chicken,other vegetables,pork,newspapers,citrus fruit,,,,,
pork,root vegetables,butter,soda,pastry,brown bread,,,,
whipped/sour cream,other vegetables,,,,,,,,
rolls/buns,ice cream,pastry,soda,cream cheese,domestic eggs,pork,,,
yogurt,domestic eggs,shopping bags,,,,,,,
whole milk,curd,pip fruit,sausage,,,,,,
coffee,bottled water,whole milk,,,,,,,
pastry,soda,sausage,,,,,,,
margarine,ice cream,sausage,bottled water,,,,,,
newspapers,shopping bags,brown bread,rolls/buns,coffee,curd,ice cream,napkins,pip fruit,citrus fruit
hamburger meat,cream cheese,yogurt,other vegetables,,,,,,
rolls/buns,domestic eggs,whole milk,cream cheese,pip fruit,coffee,other vegetables,curd,newspapers,
butter,curd,domestic eggs,pip fruit,hamburger meat,other vegetables,pork,,,
curd,tropical fruit,rolls/buns,pip fruit,chicken,brown bread,other vegetables,hamburger meat,whipped/sour cream,bottled water
whole milk,soda,whipped/sour cream,pip fruit,rolls/buns,pastry,pork,citrus fruit,,
napkins,whole milk,yogurt,chicken,other vegetables,bottled water,citrus fruit,,,
rolls/buns,soda,domestic eggs,margarine,fruit/vegetable juice,cream cheese,butter,coffee,pip fruit,
pork,sausage,chicken,brown bread,frozen vegetables,butter,,,,
whole milk,curd,margarine,chicken,brown bread,,,,,
soda,ice cream,shopping bags,root vegetables,domestic eggs,fruit/vegetable juice,curd,frozen vegetables,napkins,
coffee,tropical fruit,pork,pastry,whipped/sour cream,yogurt,margarine,brown bread,whole milk,
yogurt,whipped/sour cream,butter,pastry,cream cheese,citrus fruit,root vegetables,ice cream,bottled water,
coffee,detergent,domestic eggs,newspapers,pip fruit,citrus fruit,pork,margarine,pastry,
coffee,detergent,butter,soda,chicken,,,,,
whole milk,,,,,,,,,
whole milk,shopping bags,fruit/vegetable juice,,,,,,,
coffee,domestic eggs,root vegetables,detergent,citrus fruit,cream cheese,butter,pork,,
soda,coffee,shopping bags,pork,napkins,citrus fruit,other vegetables,chicken,fruit/vegetable juice,newspapers
shopping bags,,,,,,,,,
pip fruit,,,,,,,,,
soda,ice cream,cream cheese,root vegetables,,,,,,
margarine,napkins,,,,,,,,
ice cream,margarine,frozen vegetables,sausage,pip fruit,fruit/vegetable juice,curd,bottled water,coffee,
sausage,tropical fruit,,,,,,,,
napkins,butter,newspapers,soda,,,,,,
citrus fruit,chicken,newspapers,cream cheese,ice cream,shopping bags,,,,
ice cream,fruit/vegetable juice,hamburger meat,other vegetables,brown bread,,,,,
root vegetables,newspapers,curd,pastry,other vegetables,chicken,hamburger meat,,,
napkins,yogurt,root vegetables,,,,,,,
hamburger meat,yogurt,shopping bags,tropical fruit,napkins,pip fruit,pork,domestic eggs,other vegetables,chicken
pastry,rolls/buns,,,,,,,,
newspapers,rolls/buns,pastry,whipped/sour cream,margarine,cream cheese,butter,curd,bottled water,
pastry,,,,,,,,,
pastry,soda,domestic eggs,,,,,,,
sausage,hamburger meat,rolls/buns,napkins,root vegetables,pastry,whipped/sour cream,fruit/vegetable juice,domestic eggs,
fruit/vegetable juice,napkins,yogurt,pip fruit,frozen vegetables,shopping bags,,,,
bottled water,,,,,,,,,
soda,fruit/vegetable juice,coffee,margarine,pip fruit,,,,,
soda,,,,,,,,,
newspapers,coffee,napkins,shopping bags,hamburger meat,whole milk,chicken,brown bread,,
citrus fruit,whipped/sour cream,,,,,,,,
newspapers,whipped/sour cream,rolls/buns,,,,,,,
newspapers,butter,ice cream,napkins,frozen vegetables,sausage,yogurt,coffee,curd,
domestic eggs,fruit/vegetable juice,newspapers,ice cream,soda,brown bread,curd,,,
chicken,detergent,cream cheese,ice cream,citrus fruit,butter,soda,sausage,tropical fruit,
coffee,rolls/buns,yogurt,sausage,bottled water,pastry,tropical fruit,,,
citrus fruit,chicken,root vegetables,napkins,pastry,ice cream,brown bread,other vegetables,,
other vegetables,brown bread,pip fruit,,,,,,,
brown bread,whole milk,coffee,fruit/vegetable juice,root vegetables,,,,,
domestic eggs,frozen vegetables,,,,,,,,
margarine,rolls/buns,domestic eggs,sausage,whole milk,tropical fruit,fruit/vegetable juice,citrus fruit,cream cheese,curd
yogurt,pastry,margarine,frozen vegetables,soda,tropical fruit,other vegetables,brown bread,,
pip fruit,napkins,chicken,ice cream,sausage,root vegetables,cream cheese,fruit/vegetable juice,tropical fruit,
cream cheese,napkins,frozen vegetables,hamburger meat,pork,detergent,chicken,root vegetables,,
cream cheese,whipped/sour cream,brown bread,bottled water,shopping bags,tropical fruit,coffee,detergent,napkins,hamburger meat
coffee,soda,fruit/vegetable juice,domestic eggs,frozen vegetables,pork,pastry,margarine,butter,pip fruit
other vegetables,,,,,,,,,
yogurt,citrus fruit,tropical fruit,curd,,,,,,
cream cheese,,,,,,,,,
root vegetables,whole milk,pastry,ice cream,cream cheese,whipped/sour cream,,,,
root vegetables,,,,,,,,,
pip fruit,,,,,,,,,
whipped/sour cream,soda,other vegetables,ice cream,butter,pastry,,,,
butter,bottled water,ice cream,hamburger meat,chicken,newspapers,frozen vegetables,pork,,
other vegetables,whole milk,coffee,newspapers,tropical fruit,,,,,
whipped/sour cream,shopping bags,other vegetables,,,,,,,
napkins,sausage,whipped/sour cream,curd,shopping bags,pork,,,,
shopping bags,,,,,,,,,
curd,ice cream,coffee,hamburger meat,other vegetables,soda,sausage,,,
domestic eggs,sausage,curd,bottled water,yogurt,rolls/buns,margarine,root vegetables,citrus fruit,ice cream
detergent,tropical fruit,,,,,,,,
whole milk,chicken,,,,,,,,
whole milk,coffee,bottled water,margarine,rolls/buns,pastry,,,,
napkins,,,,,,,,,
napkins,pork,root vegetables,rolls/buns,ice cream,pip fruit,domestic eggs,curd,newspapers,
curd,domestic eggs,citrus fruit,pip fruit,butter,ice cream,,,,
fruit/vegetable juice,tropical fruit,yogurt,rolls/buns,ice cream,pastry,,,,
domestic eggs,margarine,other vegetables,yogurt,,,,,,
newspapers,root vegetables,shopping bags,,,,,,,
tropical fruit,pork,yogurt,shopping bags,rolls/buns,coffee,,,,
root vegetables,curd,bottled water,margarine,frozen vegetables,rolls/buns,detergent,coffee,,
hamburger meat,curd,pastry,butter,,,,,,
whole milk,margarine,tropical fruit,soda,ice cream,citrus fruit,other vegetables,pip fruit,bottled water,
rolls/buns,,,,,,,,,
sausage,soda,brown bread,domestic eggs,frozen vegetables,curd,rolls/buns,coffee,chicken,root vegetables
brown bread,cream cheese,fruit/vegetable juice,soda,shopping bags,ice cream,domestic eggs,whole milk,napkins,
napkins,detergent,curd,frozen vegetables,,,,,,
bottled water,,,,,,,,,
brown bread,domestic eggs,bottled water,frozen vegetables,ice cream,sausage,napkins,,,
fruit/vegetable juice,pip fruit,frozen vegetables,cream cheese,tropical fruit,,,,,
butter,other vegetables,pork,detergent,yogurt,bottled water,margarine,rolls/buns,,
sausage,,,,,,,,,
pastry,butter,napkins,frozen vegetables,yogurt,soda,root vegetables,fruit/vegetable juice,cream cheese,tropical fruit
rolls/buns,soda,curd,tropical fruit,ice cream,,,,,
root vegetables,,,,,,,,,
margarine,tropical fruit,napkins,brown bread,,,,,,
yogurt,frozen vegetables,hamburger meat,shopping bags,rolls/buns,fruit/vegetable juice,,,,
domestic eggs,whole milk,yogurt,cream cheese,,,,,,
napkins,frozen vegetables,butter,ice cream,,,,,,
butter,hamburger meat,sausage,shopping bags,pip fruit,newspapers,root vegetables,,,
citrus fruit,yogurt,fruit/vegetable juice,sausage,detergent,domestic eggs,,,,
whipped/sour cream,tropical fruit,curd,cream cheese,napkins,,,,,
root vegetables,butter,cream cheese,pip fruit,,,,,,
whole milk,hamburger meat,sausage,root vegetables,frozen vegetables,citrus fruit,pastry,,,
pork,whole milk,brown bread,yogurt,cream cheese,fruit/vegetable juice,rolls/buns,,,
whole milk,pip fruit,cream cheese,bottled water,sausage,fruit/vegetable juice,,,,
brown bread,citrus fruit,butter,pip fruit,napkins,bottled water,whipped/sour cream,sausage,fruit/vegetable juice,domestic eggs
napkins,pip fruit,domestic eggs,hamburger meat,yogurt,butter,,,,
whipped/sour cream,newspapers,butter,margarine,root vegetables,bottled water,curd,detergent,sausage,
newspapers,pip fruit,sausage,soda,napkins,bottled water,coffee,frozen vegetables,chicken,butter
root vegetables,pip fruit,curd,domestic eggs,other vegetables,napkins,,,,
cream cheese,shopping bags,sausage,detergent,root vegetables,curd,brown bread,soda,,
pork,tropical fruit,ice cream,,,,,,,
ice cream,tropical fruit,,,,,,,,
sausage,pastry,shopping bags,root vegetables,cream cheese,curd,whipped/sour cream,pork,,
root vegetables,citrus fruit,,,,,,,,
curd,domestic eggs,frozen vegetables,,,,,,,
coffee,fruit/vegetable juice,chicken,curd,hamburger meat,,,,,
fruit/vegetable juice,soda,,,,,,,,
shopping bags,whole milk,curd,sausage,pork,fruit/vegetable juice,bottled water,napkins,,
curd,,,,,,,,,
pip fruit,hamburger meat,margarine,whipped/sour cream,fruit/vegetable juice,detergent,,,,
rolls/buns,pastry,citrus fruit,,,,,,,
sausage,yogurt,pork,curd,citrus fruit,,,,,
other vegetables,napkins,bottled water,,,,,,,
curd,bottled water,fruit/vegetable juice,hamburger meat,yogurt,detergent,pip fruit,whole milk,cream cheese,sausage
butter,rolls/buns,pastry,whipped/sour cream,brown bread,fruit/vegetable juice,,,,
other vegetables,pip fruit,domestic eggs,margarine,tropical fruit,pastry,butter,pork,root vegetables,yogurt
pastry,hamburger meat,curd,domestic eggs,cream cheese,margarine,coffee,,,
hamburger meat,other vegetables,pip fruit,ice cream,whipped/sour cream,coffee,whole milk,frozen vegetables,cream cheese,soda
fruit/vegetable juice,butter,soda,hamburger meat,yogurt,pork,root vegetables,pastry,pip fruit,
detergent,,,,,,,,,
newspapers,frozen vegetables,citrus fruit,coffee,,,,,,
root vegetables,rolls/buns,butter,,,,,,,
shopping bags,pip fruit,yogurt,whipped/sour cream,pastry,citrus fruit,bottled water,ice cream,cream cheese,
root vegetables,curd,fruit/vegetable juice,rolls/buns,whole milk,cream cheese,pork,whipped/sour cream,,
napkins,hamburger meat,rolls/buns,cream cheese,,,,,,
yogurt,rolls/buns,hamburger meat,,,,,,,
citrus fruit,soda,napkins,root vegetables,detergent,newspapers,,,,
tropical fruit,yogurt,bottled water,curd,,,,,,
brown bread,soda,whipped/sour cream,whole milk,hamburger meat,other vegetables,butter,tropical fruit,fruit/vegetable juice,pork
soda,,,,,,,,,
brown bread,margarine,hamburger meat,sausage,rolls/buns,,,,,
whole milk,ice cream,pork,margarine,coffee,newspapers,whipped/sour cream,sausage,curd,
rolls/buns,detergent,pork,cream cheese,margarine,,,,,
coffee,other vegetables,citrus fruit,hamburger meat,root vegetables,bottled water,butter,rolls/buns,cream cheese,
fruit/vegetable juice,napkins,frozen vegetables,other vegetables,margarine,pip fruit,domestic eggs,brown bread,bottled water,hamburger meat
domestic eggs,napkins,hamburger meat,sausage,brown bread,ice cream,,,,
whole milk,fruit/vegetable juice,,,,,,,,
pip fruit,bottled water,curd,coffee,napkins,,,,,
newspapers,chicken,rolls/buns,tropical fruit,soda,citrus fruit,butter,frozen vegetables,,
sausage,curd,domestic eggs,pastry,other vegetables,,,,,
soda,cream cheese,hamburger meat,coffee,pip fruit,margarine,citrus fruit,shopping bags,butter,
ice cream,coffee,,,,,,,,
soda,yogurt,napkins,curd,rolls/buns,citrus fruit,whole milk,chicken,root vegetables,
domestic eggs,hamburger meat,shopping bags,curd,,,,,,
root vegetables,margarine,tropical fruit,hamburger meat,yogurt,ice cream,sausage,coffee,,
tropical fruit,other vegetables,ice cream,whole milk,pork,fruit/vegetable juice,margarine,root vegetables,hamburger meat,
pork,curd,hamburger meat,whipped/sour cream,pip fruit,cream cheese,butter,bottled water,domestic eggs,whole milk
whipped/sour cream,newspapers,fruit/vegetable juice,napkins,rolls/buns,cream cheese,,,,
bottled water,domestic eggs,newspapers,curd,pastry,brown bread,chicken,napkins,sausage,tropical fruit
chicken,pip fruit,curd,bottled water,newspapers,frozen vegetables,,,,
ice cream,shopping bags,margarine,root vegetables,hamburger meat,other vegetables,pip fruit,soda,domestic eggs,
chicken,coffee,napkins,soda,sausage,shopping bags,fruit/vegetable juice,root vegetables,brown bread,ice cream
brown bread,newspapers,pip fruit,margarine,tropical fruit,cream cheese,napkins,other vegetables,yogurt,pork
hamburger meat,whipped/sour cream,butter,,,,,,,
frozen vegetables,detergent,hamburger meat,citrus fruit,bottled water,brown bread,,,,
coffee,pork,tropical fruit,cream cheese,margarine,newspapers,brown bread,,,
domestic eggs,frozen vegetables,tropical fruit,napkins,cream cheese,coffee,,,,
butter,sausage,,,,,,,,
yogurt,sausage,,,,,,,,
yogurt,newspapers,ice cream,butter,pastry,sausage,,,,
shopping bags,coffee,ice cream,,,,,,,
pastry,curd,,,,,,,,
whipped/sour cream,,,,,,,,,
whipped/sour cream,soda,pip fruit,pastry,brown bread,shopping bags,,,,
pip fruit,pastry,detergent,curd,yogurt,brown bread,domestic eggs,sausage,chicken,margarine
brown bread,,,,,,,,,
whipped/sour cream,sausage,tropical fruit,brown bread,pip fruit,butter,margarine,shopping bags,domestic eggs,whole milk
pastry,tropical fruit,sausage,citrus fruit,margarine,coffee,brown bread,root vegetables,domestic eggs,
margarine,cream cheese,domestic eggs,coffee,soda,chicken,whole milk,,,
brown bread,pastry,yogurt,hamburger meat,other vegetables,coffee,,,,
ice cream,yogurt,pastry,frozen vegetables,whole milk,,,,,
pork,whole milk,,,,,,,,
root vegetables,hamburger meat,citrus fruit,whole milk,ice cream,,,,,
other vegetables,coffee,bottled water,yogurt,curd,,,,,
bottled water,tropical fruit,napkins,margarine,soda,root vegetables,rolls/buns,whole milk,coffee,whipped/sour cream
detergent,,,,,,,,,
curd,whipped/sour cream,tropical fruit,ice cream,detergent,hamburger meat,frozen vegetables,root vegetables,,
citrus fruit,napkins,shopping bags,newspapers,,,,,,
coffee,hamburger meat,ice cream,citrus fruit,frozen vegetables,napkins,chicken,cream cheese,,
other vegetables,curd,detergent,hamburger meat,,,,,,
shopping bags,napkins,whipped/sour cream,detergent,yogurt,coffee,domestic eggs,pastry,rolls/buns,brown bread
hamburger meat,,,,,,,,,
whipped/sour cream,pork,coffee,curd,domestic eggs,margarine,chicken,,,
napkins,newspapers,soda,frozen vegetables,,,,,,
whole milk,pastry,bottled water,whipped/sour cream,coffee,margarine,other vegetables,,,
napkins,root vegetables,butter,,,,,,,
frozen vegetables,whole milk,napkins,butter,fruit/vegetable juice,curd,domestic eggs,pip fruit,,
pastry,chicken,bottled water,shopping bags,other vegetables,frozen vegetables,brown bread,,,
tropical fruit,curd,butter,ice cream,pip fruit,rolls/buns,pork,newspapers,whole milk,chicken
butter,soda,citrus fruit,bottled water,root vegetables,pip fruit,sausage,,,
soda,domestic eggs,napkins,margarine,rolls/buns,,,,,
soda,pork,newspapers,,,,,,,
whipped/sour cream,chicken,,,,,,,,
bottled water,chicken,whole milk,ice cream,root vegetables,pip fruit,fruit/vegetable juice,other vegetables,,
bottled water,frozen vegetables,citrus fruit,pip fruit,pork,ice cream,domestic eggs,hamburger meat,root vegetables,margarine
margarine,coffee,sausage,napkins,rolls/buns,domestic eggs,pastry,chicken,yogurt,
frozen vegetables,hamburger meat,soda,coffee,margarine,pip fruit,,,,
margarine,,,,,,,,,
soda,margarine,other vegetables,rolls/buns,detergent,hamburger meat,chicken,,,
curd,fruit/vegetable juice,margarine,coffee,root vegetables,cream cheese,,,,
rolls/buns,whole milk,root vegetables,sausage,,,,,,
hamburger meat,rolls/buns,brown bread,soda,,,,,,
detergent,citrus fruit,pastry,curd,root vegetables,cream cheese,,,,
hamburger meat,frozen vegetables,,,,,,,,
yogurt,newspapers,curd,cream cheese,butter,,,,,
tropical fruit,hamburger meat,soda,butter,shopping bags,,,,,
curd,coffee,frozen vegetables,brown bread,domestic eggs,cream cheese,butter,,,
margarine,coffee,,,,,,,,
newspapers,root vegetables,pastry,tropical fruit,coffee,,,,,
tropical fruit,,,,,,,,,
yogurt,pork,,,,,,,,
other vegetables,butter,,,,,,,,
citrus fruit,root vegetables,ice cream,pip fruit,rolls/buns,butter,tropical fruit,curd,newspapers,
hamburger meat,brown bread,domestic eggs,curd,,,,,,
shopping bags,whole milk,soda,frozen vegetables,newspapers,brown bread,fruit/vegetable juice,pip fruit,tropical fruit,
coffee,brown bread,cream cheese,fruit/vegetable juice,napkins,,,,,
frozen vegetables,margarine,detergent,cream cheese,root vegetables,whipped/sour cream,chicken,,,
fruit/vegetable juice,tropical fruit,soda,root vegetables,brown bread,butter,yogurt,detergent,pip fruit,pork
yogurt,soda,curd,citrus fruit,whipped/sour cream,newspapers,whole milk,,,
margarine,soda,,,,,,,,
napkins,other vegetables,brown bread,pork,citrus fruit,rolls/buns,curd,whipped/sour cream,detergent,
butter,bottled water,whole milk,fruit/vegetable juice,pastry,whipped/sour cream,domestic eggs,detergent,,
curd,ice cream,rolls/buns,yogurt,newspapers,fruit/vegetable juice,whipped/sour cream,,,
cream cheese,,,,,,,,,
yogurt,butter,citrus fruit,detergent,sausage,frozen vegetables,newspapers,napkins,,
domestic eggs,other vegetables,,,,,,,,
brown bread,margarine,pip fruit,whipped/sour cream,detergent,tropical fruit,sausage,butter,frozen vegetables,
rolls/buns,butter,sausage,pastry,whole milk,napkins,tropical fruit,chicken,pip fruit,
citrus fruit,hamburger meat,sausage,margarine,shopping bags,,,,,
ice cream,detergent,chicken,pastry,,,,,,
domestic eggs,newspapers,bottled water,curd,,,,,,
root vegetables,frozen vegetables,butter,,,,,,,
coffee,whipped/sour cream,other vegetables,soda,,,,,,
detergent,pip fruit,napkins,frozen vegetables,pastry,yogurt,fruit/vegetable juice,sausage,pork,
pastry,newspapers,sausage,whole milk,margarine,cream cheese,coffee,ice cream,root vegetables,
pip fruit,newspapers,butter,fruit/vegetable juice,pork,detergent,hamburger meat,chicken,rolls/buns,coffee
newspapers,pastry,whipped/sour cream,,,,,,,
root vegetables,ice cream,bottled water,pastry,pip fruit,shopping bags,whipped/sour cream,,,
margarine,hamburger meat,whipped/sour cream,tropical fruit,domestic eggs,whole milk,pip fruit,yogurt,newspapers,rolls/buns
citrus fruit,chicken,butter,ice cream,margarine,whipped/sour cream,,,,
soda,frozen vegetables,detergent,ice cream,newspapers,root vegetables,fruit/vegetable juice,coffee,chicken,
napkins,pastry,shopping bags,margarine,,,,,,
tropical fruit,citrus fruit,other vegetables,fruit/vegetable juice,newspapers,pip fruit,whipped/sour cream,frozen vegetables,shopping bags,
chicken,pork,frozen vegetables,,,,,,,
chicken,napkins,citrus fruit,whole milk,sausage,margarine,,,,
whole milk,soda,brown bread,tropical fruit,pastry,frozen vegetables,pork,,,
hamburger meat,butter,fruit/vegetable juice,frozen vegetables,ice cream,,,,,
napkins,whipped/sour cream,,,,,,,,
margarine,root vegetables,coffee,shopping bags,other vegetables,ice cream,newspapers,whipped/sour cream,rolls/buns,
pip fruit,,,,,,,,,
rolls/buns,margarine,curd,bottled water,soda,other vegetables,root vegetables,shopping bags,,
rolls/buns,hamburger meat,yogurt,newspapers,butter,citrus fruit,ice cream,,,
cream cheese,napkins,newspapers,other vegetables,shopping bags,,,,,
rolls/buns,napkins,newspapers,detergent,cream cheese,domestic eggs,,,,
pastry,fruit/vegetable juice,citrus fruit,bottled water,pip fruit,,,,,
fruit/vegetable juice,chicken,citrus fruit,napkins,pip fruit,tropical fruit,domestic eggs,ice cream,,
sausage,citrus fruit,,,,,,,,
hamburger meat,,,,,,,,,
whipped/sour cream,bottled water,,,,,,,,
pastry,,,,,,,,,
frozen vegetables,,,,,,,,,
yogurt,soda,ice cream,other vegetables,butter,cream cheese,rolls/buns,,,
yogurt,napkins,pastry,,,,,,,
citrus fruit,bottled water,fruit/vegetable juice,frozen vegetables,napkins,chicken,butter,whipped/sour cream,newspapers,other vegetables
pastry,whipped/sour cream,domestic eggs,yogurt,hamburger meat,,,,,
root vegetables,whipped/sour cream,tropical fruit,butter,cream cheese,citrus fruit,,,,
pastry,whipped/sour cream,domestic eggs,whole milk,napkins,butter,,,,
coffee,brown bread,yogurt,whipped/sour cream,cream cheese,curd,newspapers,domestic eggs,pork,
whole milk,pork,ice cream,curd,,,,,,
cream cheese,tropical fruit,root vegetables,fruit/vegetable juice,,,,,,
soda,,,,,,,,,
pastry,shopping bags,domestic eggs,rolls/buns,butter,root vegetables,curd,,,
butter,whipped/sour cream,detergent,hamburger meat,chicken,,,,,
pip fruit,rolls/buns,hamburger meat,pastry,,,,,,
napkins,bottled water,whole milk,domestic eggs,,,,,,
soda,chicken,cream cheese,sausage,napkins,newspapers,frozen vegetables,other vegetables,,
cream cheese,whole milk,newspapers,hamburger meat,bottled water,,,,,
margarine,yogurt,soda,other vegetables,bottled water,hamburger meat,pip fruit,domestic eggs,rolls/buns,sausage
hamburger meat,coffee,sausage,root vegetables,,,,,,
other vegetables,root vegetables,ice cream,margarine,sausage,whole milk,rolls/buns,shopping bags,curd,
sausage,root vegetables,newspapers,chicken,shopping bags,other vegetables,pastry,tropical fruit,,
tropical fruit,hamburger meat,bottled water,,,,,,,
coffee,rolls/buns,domestic eggs,ice cream,chicken,,,,,
hamburger meat,margarine,newspapers,,,,,,,
chicken,napkins,butter,yogurt,hamburger meat,cream cheese,,,,
pip fruit,newspapers,sausage,root vegetables,,,,,,
newspapers,,,,,,,,,
curd,coffee,cream cheese,whole milk,shopping bags,pastry,pork,butter,,
detergent,pork,,,,,,,,
chicken,fruit/vegetable juice,pork,curd,butter,margarine,,,,
sausage,margarine,tropical fruit,chicken,brown bread,yogurt,whole milk,,,
cream cheese,hamburger meat,pork,napkins,chicken,frozen vegetables,tropical fruit,,,
pip fruit,fruit/vegetable juice,sausage,ice cream,tropical fruit,pork,coffee,margarine,,
root vegetables,whole milk,,,,,,,,
bottled water,,,,,,,,,
chicken,,,,,,,,,
pastry,brown bread,margarine,other vegetables,,,,,,
ice cream,other vegetables,curd,rolls/buns,cream cheese,butter,,,,
butter,detergent,yogurt,root vegetables,curd,fruit/vegetable juice,ice cream,margarine,coffee,
other vegetables,tropical fruit,cream cheese,pip fruit,bottled water,root vegetables,fruit/vegetable juice,whipped/sour cream,pork,
whipped/sour cream,cream cheese,citrus fruit,rolls/buns,other vegetables,tropical fruit,ice cream,,,
soda,bottled water,fruit/vegetable juice,,,,,,,
cream cheese,sausage,hamburger meat,napkins,whole milk,,,,,
domestic eggs,chicken,newspapers,,,,,,,
soda,fruit/vegetable juice,coffee,yogurt,root vegetables,,,,,
bottled water,rolls/buns,,,,,,,,
margarine,yogurt,citrus fruit,ice cream,bottled water,frozen vegetables,,,,
soda,shopping bags,hamburger meat,pip fruit,whole milk,root vegetables,margarine,coffee,frozen vegetables,
hamburger meat,detergent,whipped/sour cream,citrus fruit,pip fruit,,,,,
yogurt,,,,,,,,,
shopping bags,bottled water,,,,,,,,
sausage,,,,,,,,,
chicken,other vegetables,napkins,tropical fruit,ice cream,whole milk,butter,pip fruit,,
pork,domestic eggs,,,,,,,,
margarine,sausage,rolls/buns,detergent,root vegetables,tropical fruit,citrus fruit,,,
whole milk,domestic eggs,,,,,,,,
brown bread,sausage,,,,,,,,
ice cream,detergent,,,,,,,,
coffee,,,,,,,,,
root vegetables,,,,,,,,,
hamburger meat,soda,pip fruit,sausage,ice cream,rolls/buns,,,,
cream cheese,whipped/sour cream,yogurt,frozen vegetables,shopping bags,detergent,napkins,tropical fruit,sausage,coffee
margarine,sausage,tropical fruit,detergent,brown bread,frozen vegetables,napkins,,,
domestic eggs,curd,brown bread,chicken,cream cheese,pork,sausage,coffee,,
domestic eggs,newspapers,butter,,,,,,,
shopping bags,rolls/buns,curd,,,,,,,
brown bread,root vegetables,curd,domestic eggs,,,,,,
whipped/sour cream,ice cream,rolls/buns,pastry,fruit/vegetable juice,,,,,
curd,shopping bags,detergent,napkins,soda,newspapers,,,,
bottled water,root vegetables,napkins,margarine,frozen vegetables,tropical fruit,pork,citrus fruit,brown bread,
ice cream,other vegetables,shopping bags,chicken,hamburger meat,napkins,,,,
domestic eggs,cream cheese,frozen vegetables,curd,bottled water,hamburger meat,whole milk,,,
fruit/vegetable juice,brown bread,,,,,,,,
whipped/sour cream,,,,,,,,,
whole milk,chicken,coffee,whipped/sour cream,detergent,yogurt,domestic eggs,,,
frozen vegetables,curd,sausage,citrus fruit,tropical fruit,margarine,pip fruit,coffee,,
cream cheese,pork,root vegetables,napkins,curd,pip fruit,coffee,butter,yogurt,
frozen vegetables,pork,,,,,,,,
bottled water,curd,whole milk,,,,,,,
fruit/vegetable juice,frozen vegetables,yogurt,butter,tropical fruit,coffee,curd,pork,margarine,
domestic eggs,margarine,whipped/sour cream,pip fruit,other vegetables,,,,,
curd,chicken,fruit/vegetable juice,domestic eggs,soda,whipped/sour cream,,,,
domestic eggs,sausage,pastry,tropical fruit,yogurt,napkins,bottled water,brown bread,other vegetables,margarine
chicken,bottled water,newspapers,whipped/sour cream,pastry,whole milk,root vegetables,ice cream,,
yogurt,,,,,,,,,
soda,other vegetables,chicken,yogurt,hamburger meat,butter,bottled water,,,
hamburger meat,rolls/buns,sausage,pastry,,,,,,
shopping bags,,,,,,,,,
curd,,,,,,,,,
pip fruit,,,,,,,,,
soda,curd,,,,,,,,
margarine,domestic eggs,rolls/buns,chicken,bottled water,whole milk,,,,
detergent,pip fruit,root vegetables,whole milk,brown bread,ice cream,napkins,soda,,
bottled water,whole milk,citrus fruit,domestic eggs,napkins,curd,detergent,pork,whipped/sour cream,
pastry,,,,,,,,,
curd,coffee,other vegetables,soda,,,,,,
pastry,root vegetables,rolls/buns,frozen vegetables,chicken,margarine,napkins,ice cream,shopping bags,
hamburger meat,soda,pork,,,,,,,
newspapers,,,,,,,,,
newspapers,whole milk,,,,,,,,
other vegetables,butter,whole milk,,,,,,,
soda,citrus fruit,,,,,,,,
margarine,ice cream,cream cheese,newspapers,other vegetables,whole milk,,,,
whole milk,bottled water,rolls/buns,soda,napkins,,,,,
whole milk,curd,whipped/sour cream,citrus fruit,yogurt,fruit/vegetable juice,tropical fruit,shopping bags,napkins,other vegetables
fruit/vegetable juice,other vegetables,butter,cream cheese,,,,,,
margarine,frozen vegetables,soda,,,,,,,
sausage,pork,other vegetables,chicken,,,,,,
tropical fruit,rolls/buns,curd,brown bread,whole milk,,,,,
napkins,pip fruit,hamburger meat,curd,rolls/buns,other vegetables,citrus fruit,sausage,bottled water,
detergent,coffee,curd,pork,cream cheese,sausage,pip fruit,chicken,domestic eggs,
fruit/vegetable juice,chicken,pork,curd,,,,,,
tropical fruit,newspapers,hamburger meat,detergent,whipped/sour cream,sausage,,,,
domestic eggs,frozen vegetables,ice cream,butter,brown bread,,,,,
coffee,root vegetables,cream cheese,,,,,,,
coffee,ice cream,pork,,,,,,,
tropical fruit,,,,,,,,,
soda,detergent,tropical fruit,margarine,root vegetables,domestic eggs,ice cream,other vegetables,,
soda,whole milk,rolls/buns,butter,,,,,,
hamburger meat,bottled water,detergent,newspapers,brown bread,rolls/buns,,,,
newspapers,fruit/vegetable juice,brown bread,coffee,other vegetables,rolls/buns,citrus fruit,,,
ice cream,citrus fruit,soda,root vegetables,butter,newspapers,pip fruit,shopping bags,,
domestic eggs,yogurt,hamburger meat,margarine,napkins,pastry,root vegetables,,,
cream cheese,yogurt,citrus fruit,tropical fruit,whipped/sour cream,chicken,newspapers,,,
chicken,whipped/sour cream,yogurt,curd,pork,coffee,pip fruit,,,
cream cheese,butter,soda,bottled water,curd,chicken,domestic eggs,,,
frozen vegetables,pip fruit,detergent,cream cheese,coffee,domestic eggs,root vegetables,rolls/buns,,
detergent,,,,,,,,,
coffee,sausage,napkins,,,,,,,
yogurt,napkins,other vegetables,newspapers,bottled water,rolls/buns,,,,
soda,newspapers,domestic eggs,curd,brown bread,chicken,detergent,margarine,whipped/sour cream,
tropical fruit,pastry,curd,other vegetables,brown bread,shopping bags,newspapers,,,
newspapers,citrus fruit,,,,,,,,
brown bread,shopping bags,cream cheese,coffee,napkins,margarine,curd,butter,citrus fruit,newspapers
newspapers,cream cheese,other vegetables,ice cream,,,,,,
napkins,hamburger meat,whipped/sour cream,,,,,,,
soda,whole milk,,,,,,,,
rolls/buns,coffee,brown bread,tropical fruit,whole milk,shopping bags,sausage,detergent,butter,
pip fruit,pork,margarine,pastry,rolls/buns,detergent,shopping bags,coffee,,
cream cheese,sausage,,,,,,,,
pork,shopping bags,tropical fruit,coffee,ice cream,sausage,fruit/vegetable juice,,,
pastry,fruit/vegetable juice,butter,shopping bags,citrus fruit,pip fruit,whole milk,whipped/sour cream,,
sausage,pastry,curd,hamburger meat,,,,,,
other vegetables,fruit/vegetable juice,pork,tropical fruit,pastry,rolls/buns,,,,
other vegetables,domestic eggs,chicken,soda,napkins,fruit/vegetable juice,detergent,,,
chicken,yogurt,hamburger meat,,,,,,,
rolls/buns,curd,butter,pastry,,,,,,
fruit/vegetable juice,sausage,cream cheese,whipped/sour cream,domestic eggs,root vegetables,napkins,pastry,soda,ice cream
sausage,pastry,napkins,butter,soda,whipped/sour cream,pip fruit,,,
tropical fruit,yogurt,sausage,other vegetables,fruit/vegetable juice,pork,butter,margarine,domestic eggs,
fruit/vegetable juice,,,,,,,,,
tropical fruit,yogurt,chicken,frozen vegetables,pip fruit,butter,pork,cream cheese,whipped/sour cream,rolls/buns
whole milk,detergent,,,,,,,,
chicken,root vegetables,newspapers,rolls/buns,soda,,,,,
margarine,chicken,newspapers,pastry,whole milk,shopping bags,napkins,ice cream,pip fruit,
soda,ice cream,domestic eggs,,,,,,,
chicken,pork,yogurt,,,,,,,
pork,whole milk,butter,curd,coffee,rolls/buns,ice cream,pip fruit,brown bread,fruit/vegetable juice
coffee,hamburger meat,chicken,shopping bags,margarine,soda,tropical fruit,pastry,fruit/vegetable juice,citrus fruit
napkins,ice cream,tropical fruit,whole milk,citrus fruit,,,,,
root vegetables,domestic eggs,other vegetables,yogurt,detergent,pork,sausage,newspapers,chicken,pastry
coffee,soda,domestic eggs,citrus fruit,pork,bottled water,margarine,cream cheese,,
pastry,detergent,pork,soda,,,,,,
fruit/vegetable juice,,,,,,,,,
shopping bags,hamburger meat,,,,,,,,
whipped/sour cream,detergent,tropical fruit,,,,,,,
cream cheese,whole milk,napkins,rolls/buns,ice cream,coffee,,,,
whole milk,napkins,ice cream,yogurt,butter,soda,,,,
yogurt,coffee,shopping bags,butter,brown bread,whipped/sour cream,margarine,ice cream,whole milk,
coffee,domestic eggs,detergent,ice cream,chicken,pastry,frozen vegetables,fruit/vegetable juice,hamburger meat,rolls/buns
domestic eggs,,,,,,,,,
shopping bags,,,,,,,,,
whipped/sour cream,other vegetables,fruit/vegetable juice,curd,hamburger meat,brown bread,margarine,pip fruit,yogurt,
whole milk,whipped/sour cream,frozen vegetables,,,,,,,
other vegetables,bottled water,soda,curd,coffee,newspapers,yogurt,citrus fruit,,
pork,domestic eggs,whipped/sour cream,,,,,,,
pork,yogurt,rolls/buns,whipped/sour cream,citrus fruit,pastry,pip fruit,,,
root vegetables,yogurt,tropical fruit,ice cream,pastry,detergent,,,,
ice cream,pastry,margarine,butter,,,,,,
coffee,curd,newspapers,ice cream,domestic eggs,pastry,citrus fruit,tropical fruit,,
other vegetables,coffee,root vegetables,cream cheese,newspapers,butter,pastry,pork,shopping bags,soda
whole milk,shopping bags,domestic eggs,,,,,,,
sausage,tropical fruit,detergent,yogurt,margarine,whole milk,butter,cream cheese,pastry,soda
citrus fruit,soda,shopping bags,,,,,,,
cream cheese,,,,,,,,,
yogurt,citrus fruit,bottled water,,,,,,,
bottled water,,,,,,,,,
curd,chicken,yogurt,tropical fruit,whipped/sour cream,napkins,,,,
other vegetables,citrus fruit,coffee,brown bread,pip fruit,bottled water,chicken,root vegetables,,
frozen vegetables,newspapers,pip fruit,bottled water,ice cream,butter,root vegetables,,,
whipped/sour cream,newspapers,coffee,citrus fruit,pastry,,,,,
bottled water,hamburger meat,tropical fruit,shopping bags,citrus fruit,chicken,pastry,margarine,yogurt,frozen vegetables
pip fruit,pork,sausage,butter,soda,,,,,
brown bread,hamburger meat,soda,shopping bags,yogurt,sausage,frozen vegetables,newspapers,,
whipped/sour cream,newspapers,,,,,,,,
pastry,ice cream,frozen vegetables,,,,,,,
root vegetables,pastry,chicken,other vegetables,pork,,,,,
tropical fruit,curd,detergent,napkins,ice cream,other vegetables,domestic eggs,rolls/buns,,
napkins,pip fruit,whipped/sour cream,soda,yogurt,pastry,pork,citrus fruit,,
pastry,ice cream,detergent,hamburger meat,root vegetables,fruit/vegetable juice,soda,,,
yogurt,butter,hamburger meat,ice cream,bottled water,detergent,other vegetables,shopping bags,pastry,cream cheese
shopping bags,ice cream,frozen vegetables,,,,,,,
curd,butter,chicken,pastry,frozen vegetables,bottled water,,,,
citrus fruit,margarine,,,,,,,,
rolls/buns,domestic eggs,fruit/vegetable juice,sausage,napkins,coffee,whole milk,,,
bottled water,brown bread,rolls/buns,pastry,hamburger meat,yogurt,butter,soda,shopping bags,other vegetables
soda,rolls/buns,sausage,pastry,,,,,,
pip fruit,domestic eggs,,,,,,,,
domestic eggs,butter,curd,ice cream,coffee,pork,hamburger meat,root vegetables,frozen vegetables,whole milk
yogurt,ice cream,napkins,whipped/sour cream,chicken,other vegetables,shopping bags,coffee,citrus fruit,
domestic eggs,,,,,,,,,
frozen vegetables,fruit/vegetable juice,citrus fruit,newspapers,hamburger meat,,,,,
whipped/sour cream,napkins,,,,,,,,
bottled water,ice cream,pastry,brown bread,,,,,,
fruit/vegetable juice,whole milk,pastry,tropical fruit,rolls/buns,,,,,
pastry,cream cheese,hamburger meat,bottled water,newspapers,root vegetables,,,,
tropical fruit,soda,rolls/buns,newspapers,frozen vegetables,shopping bags,cream cheese,pork,,
tropical fruit,shopping bags,pork,root vegetables,hamburger meat,butter,margarine,sausage,,
rolls/buns,margarine,,,,,,,,
soda,cream cheese,fruit/vegetable juice,brown bread,yogurt,citrus fruit,shopping bags,rolls/buns,coffee,domestic eggs
pip fruit,fruit/vegetable juice,ice cream,coffee,pork,yogurt,chicken,napkins,,
cream cheese,other vegetables,detergent,chicken,soda,brown bread,tropical fruit,coffee,,
detergent,shopping bags,cream cheese,,,,,,,
root vegetables,yogurt,bottled water,citrus fruit,shopping bags,ice cream,soda,fruit/vegetable juice,,
yogurt,soda,,,,,,,,
citrus fruit,cream cheese,butter,fruit/vegetable juice,root vegetables,chicken,,,,
whipped/sour cream,fruit/vegetable juice,shopping bags,butter,domestic eggs,pork,rolls/buns,ice cream,,
fruit/vegetable juice,root vegetables,shopping bags,pastry,domestic eggs,,,,,
newspapers,soda,citrus fruit,yogurt,sausage,butter,cream cheese,,,
detergent,coffee,tropical fruit,shopping bags,hamburger meat,domestic eggs,pork,citrus fruit,soda,rolls/buns
coffee,whipped/sour cream,frozen vegetables,citrus fruit,pastry,butter,domestic eggs,fruit/vegetable juice,newspapers,rolls/buns
curd,yogurt,whole milk,margarine,domestic eggs,pip fruit,citrus fruit,napkins,pastry,fruit/vegetable juice
coffee,whipped/sour cream,cream cheese,,,,,,,
coffee,ice cream,frozen vegetables,hamburger meat,butter,root vegetables,shopping bags,other vegetables,,
ice cream,whipped/sour cream,other vegetables,pip fruit,pork,newspapers,napkins,whole milk,,
rolls/buns,sausage,pork,napkins,,,,,,
napkins,,,,,,,,,
other vegetables,detergent,root vegetables,,,,,,,
margarine,pastry,tropical fruit,soda,yogurt,hamburger meat,pip fruit,cream cheese,,
soda,whole milk,newspapers,pork,,,,,,
sausage,cream cheese,napkins,coffee,hamburger meat,newspapers,margarine,citrus fruit,rolls/buns,
coffee,shopping bags,,,,,,,,
yogurt,domestic eggs,hamburger meat,whipped/sour cream,curd,,,,,
soda,coffee,root vegetables,detergent,,,,,,
newspapers,pastry,,,,,,,,
newspapers,cream cheese,hamburger meat,ice cream,domestic eggs,soda,rolls/buns,butter,bottled water,coffee
yogurt,brown bread,domestic eggs,curd,fruit/vegetable juice,frozen vegetables,,,,
hamburger meat,soda,napkins,sausage,rolls/buns,ice cream,yogurt,cream cheese,,
root vegetables,brown bread,hamburger meat,domestic eggs,ice cream,pork,,,,
pastry,citrus fruit,,,,,,,,
coffee,brown bread,chicken,fruit/vegetable juice,yogurt,margarine,napkins,rolls/buns,,
pork,newspapers,detergent,margarine,sausage,whipped/sour cream,pastry,,,
tropical fruit,cream cheese,,,,,,,,
fruit/vegetable juice,newspapers,detergent,ice cream,,,,,,
whipped/sour cream,curd,,,,,,,,
pastry,root vegetables,,,,,,,,
whole milk,hamburger meat,ice cream,domestic eggs,pork,cream cheese,frozen vegetables,pastry,bottled water,
other vegetables,ice cream,,,,,,,,
brown bread,shopping bags,,,,,,,,
newspapers,ice cream,bottled water,whipped/sour cream,brown bread,,,,,
newspapers,tropical fruit,fruit/vegetable juice,sausage,margarine,soda,coffee,root vegetables,whipped/sour cream,
brown bread,frozen vegetables,detergent,tropical fruit,,,,,,
chicken,brown bread,ice cream,pork,other vegetables,frozen vegetables,coffee,root vegetables,napkins,rolls/buns
rolls/buns,whole milk,frozen vegetables,napkins,,,,,,
tropical fruit,soda,butter,chicken,cream cheese,citrus fruit,root vegetables,other vegetables,whole milk,frozen vegetables
shopping bags,root vegetables,frozen vegetables,ice cream,tropical fruit,pastry,chicken,pork,detergent,
chicken,butter,ice cream,margarine,bottled water,,,,,
curd,detergent,citrus fruit,,,,,,,
root vegetables,hamburger meat,napkins,chicken,whole milk,,,,,
bottled water,yogurt,ice cream,detergent,other vegetables,rolls/buns,,,,
bottled water,rolls/buns,frozen vegetables,whipped/sour cream,citrus fruit,pork,margarine,domestic eggs,,
pip fruit,domestic eggs,margarine,citrus fruit,soda,whole milk,tropical fruit,root vegetables,,
curd,coffee,bottled water,cream cheese,pork,sausage,whipped/sour cream,rolls/buns,,
other vegetables,rolls/buns,frozen vegetables,chicken,,,,,,
tropical fruit,butter,domestic eggs,fruit/vegetable juice,citrus fruit,sausage,,,,
pip fruit,pork,tropical fruit,,,,,,,
pip fruit,domestic eggs,whole milk,,,,,,,
margarine,ice cream,citrus fruit,shopping bags,,,,,,
tropical fruit,root vegetables,,,,,,,,
root vegetables,newspapers,frozen vegetables,domestic eggs,,,,,,
root vegetables,chicken,cream cheese,whipped/sour cream,rolls/buns,sausage,fruit/vegetable juice,bottled water,citrus fruit,brown bread
whole milk,whipped/sour cream,detergent,pork,cream cheese,napkins,soda,,,
tropical fruit,butter,coffee,pip fruit,napkins,other vegetables,soda,pork,frozen vegetables,margarine
detergent,fruit/vegetable juice,citrus fruit,other vegetables,cream cheese,whipped/sour cream,brown bread,sausage,shopping bags,
shopping bags,frozen vegetables,butter,,,,,,,
other vegetables,whole milk,detergent,newspapers,,,,,,
rolls/buns,root vegetables,napkins,,,,,,,
domestic eggs,whipped/sour cream,margarine,hamburger meat,ice cream,cream cheese,bottled water,,,
butter,soda,whipped/sour cream,citrus fruit,newspapers,fruit/vegetable juice,pork,chicken,,
pastry,bottled water,coffee,fruit/vegetable juice,shopping bags,cream cheese,,,,
napkins,bottled water,chicken,,,,,,,
chicken,napkins,brown bread,butter,detergent,soda,sausage,,,
pork,fruit/vegetable juice,detergent,brown bread,frozen vegetables,pip fruit,chicken,margarine,hamburger meat,coffee
hamburger meat,pip fruit,fruit/vegetable juice,citrus fruit,whole milk,pastry,detergent,bottled water,pork,margarine
rolls/buns,other vegetables,margarine,detergent,whole milk,,,,,
root vegetables,ice cream,fruit/vegetable juice,brown bread,whole milk,whipped/sour cream,pork,hamburger meat,,
margarine,soda,,,,,,,,
sausage,citrus fruit,brown bread,fruit/vegetable juice,margarine,detergent,pork,,,
rolls/buns,whipped/sour cream,bottled water,hamburger meat,yogurt,detergent,,,,
pip fruit,butter,yogurt,,,,,,,
sausage,coffee,citrus fruit,detergent,butter,hamburger meat,other vegetables,pastry,brown bread,
pip fruit,,,,,,,,,
hamburger meat,bottled water,pip fruit,ice cream,root vegetables,tropical fruit,yogurt,,,
cream cheese,curd,sausage,soda,margarine,coffee,pastry,shopping bags,pip fruit,
shopping bags,brown bread,pip fruit,citrus fruit,pastry,,,,,
tropical fruit,butter,napkins,ice cream,,,,,,
whole milk,whipped/sour cream,root vegetables,chicken,pip fruit,tropical fruit,brown bread,,,
ice cream,margarine,chicken,cream cheese,frozen vegetables,rolls/buns,whole milk,yogurt,tropical fruit,sausage
napkins,curd,,,,,,,,
whole milk,pork,rolls/buns,newspapers,,,,,,
fruit/vegetable juice,rolls/buns,margarine,citrus fruit,whole milk,curd,hamburger meat,whipped/sour cream,,
pip fruit,rolls/buns,cream cheese,whipped/sour cream,,,,,,
bottled water,root vegetables,tropical fruit,domestic eggs,ice cream,whipped/sour cream,whole milk,frozen vegetables,,
rolls/buns,chicken,fruit/vegetable juice,newspapers,hamburger meat,shopping bags,domestic eggs,root vegetables,yogurt,
butter,pork,,,,,,,,
hamburger meat,pastry,,,,,,,,
fruit/vegetable juice,margarine,napkins,hamburger meat,pip fruit,other vegetables,whole milk,,,
rolls/buns,,,,,,,,,
shopping bags,butter,,,,,,,,
yogurt,hamburger meat,chicken,whipped/sour cream,,,,,,
curd,yogurt,,,,,,,,
ice cream,detergent,curd,margarine,root vegetables,coffee,other vegetables,sausage,citrus fruit,
pork,yogurt,margarine,root vegetables,,,,,,
detergent,curd,fruit/vegetable juice,root vegetables,newspapers,margarine,cream cheese,,,
soda,detergent,,,,,,,,
tropical fruit,rolls/buns,,,,,,,,
yogurt,pork,curd,pip fruit,whipped/sour cream,,,,,
sausage,newspapers,rolls/buns,whipped/sour cream,fruit/vegetable juice,,,,,
butter,soda,citrus fruit,,,,,,,
yogurt,other vegetables,pastry,shopping bags,citrus fruit,detergent,butter,coffee,ice cream,
fruit/vegetable juice,rolls/buns,sausage,ice cream,,,,,,
pip fruit,brown bread,pork,chicken,,,,,,
coffee,cream cheese,frozen vegetables,curd,,,,,,
frozen vegetables,pork,cream cheese,sausage,hamburger meat,shopping bags,detergent,yogurt,,
pork,newspapers,other vegetables,citrus fruit,butter,napkins,coffee,pastry,,
detergent,hamburger meat,fruit/vegetable juice,,,,,,,
fruit/vegetable juice,yogurt,margarine,whole milk,pastry,citrus fruit,newspapers,curd,chicken,frozen vegetables
whipped/sour cream,frozen vegetables,ice cream,napkins,,,,,,
rolls/buns,,,,,,,,,
coffee,bottled water,curd,brown bread,pork,other vegetables,frozen vegetables,soda,fruit/vegetable juice,ice cream
margarine,shopping bags,butter,other vegetables,ice cream,citrus fruit,,,,
hamburger meat,,,,,,,,,
hamburger meat,whole milk,citrus fruit,pork,butter,brown bread,,,,
soda,frozen vegetables,curd,brown bread,yogurt,detergent,other vegetables,domestic eggs,,
sausage,yogurt,fruit/vegetable juice,citrus fruit,,,,,,
fruit/vegetable juice,yogurt,chicken,citrus fruit,,,,,,
bottled water,sausage,butter,chicken,frozen vegetables,detergent,root vegetables,pastry,whipped/sour cream,
fruit/vegetable juice,pip fruit,whole milk,other vegetables,pastry,shopping bags,,,,
whole milk,detergent,curd,fruit/vegetable juice,pork,ice cream,citrus fruit,bottled water,,
tropical fruit,yogurt,hamburger meat,rolls/buns,pastry,,,,,
pastry,frozen vegetables,fruit/vegetable juice,brown bread,,,,,,
margarine,ice cream,fruit/vegetable juice,hamburger meat,shopping bags,whipped/sour cream,root vegetables,whole milk,newspapers,citrus fruit
frozen vegetables,domestic eggs,whole milk,pork,root vegetables,butter,rolls/buns,whipped/sour cream,,
brown bread,yogurt,root vegetables,,,,,,,
shopping bags,hamburger meat,coffee,chicken,whole milk,whipped/sour cream,pastry,,,
pip fruit,butter,,,,,,,,
sausage,bottled water,other vegetables,curd,,,,,,
coffee,shopping bags,domestic eggs,brown bread,tropical fruit,pastry,sausage,,,
detergent,,,,,,,,,
other vegetables,fruit/vegetable juice,pork,coffee,pip fruit,citrus fruit,whipped/sour cream,,,
rolls/buns,,,,,,,,,
bottled water,detergent,pip fruit,,,,,,,
fruit/vegetable juice,sausage,margarine,rolls/buns,,,,,,
whole milk,other vegetables,tropical fruit,domestic eggs,detergent,yogurt,hamburger meat,curd,,
bottled water,cream cheese,frozen vegetables,coffee,sausage,brown bread,pip fruit,pork,,
bottled water,,,,,,,,,
tropical fruit,napkins,coffee,frozen vegetables,sausage,,,,,
newspapers,citrus fruit,rolls/buns,ice cream,bottled water,pastry,butter,pip fruit,fruit/vegetable juice,
pip fruit,,,,,,,,,
napkins,citrus fruit,,,,,,,,
pastry,fruit/vegetable juice,ice cream,bottled water,root vegetables,curd,napkins,hamburger meat,pork,whipped/sour cream
domestic eggs,bottled water,cream cheese,napkins,,,,,,
sausage,brown bread,root vegetables,other vegetables,,,,,,
domestic eggs,hamburger meat,pork,citrus fruit,other vegetables,whole milk,,,,
frozen vegetables,curd,ice cream,cream cheese,domestic eggs,pork,whipped/sour cream,coffee,,
cream cheese,other vegetables,pip fruit,curd,domestic eggs,whole milk,yogurt,citrus fruit,shopping bags,pastry
soda,fruit/vegetable juice,frozen vegetables,whole milk,,,,,,
sausage,hamburger meat,pastry,frozen vegetables,coffee,cream cheese,,,,
margarine,citrus fruit,bottled water,,,,,,,
frozen vegetables,shopping bags,chicken,butter,root vegetables,pip fruit,rolls/buns,,,
pork,root vegetables,sausage,curd,detergent,whole milk,tropical fruit,pip fruit,fruit/vegetable juice,
ice cream,hamburger meat,other vegetables,,,,,,,
coffee,frozen vegetables,curd,hamburger meat,pork,,,,,
chicken,shopping bags,pastry,root vegetables,,,,,,
shopping bags,pork,newspapers,other vegetables,yogurt,,,,,
brown bread,sausage,rolls/buns,other vegetables,napkins,,,,,
frozen vegetables,root vegetables,pork,cream cheese,,,,,,
sausage,tropical fruit,frozen vegetables,butter,soda,chicken,citrus fruit,whipped/sour cream,bottled water,napkins
other vegetables,newspapers,bottled water,whipped/sour cream,rolls/buns,napkins,butter,,,
pork,bottled water,pastry,chicken,coffee,napkins,sausage,rolls/buns,soda,newspapers
frozen vegetables,citrus fruit,rolls/buns,other vegetables,,,,,,
curd,,,,,,,,,
soda,whipped/sour cream,pork,pip fruit,,,,,,
butter,fruit/vegetable juice,pork,domestic eggs,yogurt,,,,,
pork,newspapers,cream cheese,soda,root vegetables,hamburger meat,yogurt,pip fruit,curd,
rolls/buns,root vegetables,shopping bags,whipped/sour cream,soda,hamburger meat,sausage,butter,ice cream,curd
whole milk,other vegetables,hamburger meat,margarine,bottled water,butter,pip fruit,,,
pip fruit,fruit/vegetable juice,,,,,,,,
coffee,rolls/buns,,,,,,,,
brown bread,margarine,cream cheese,butter,whipped/sour cream,pork,napkins,other vegetables,,
bottled water,butter,hamburger meat,tropical fruit,curd,,,,,
citrus fruit,pip fruit,butter,shopping bags,detergent,,,,,
margarine,cream cheese,bottled water,domestic eggs,whole milk,fruit/vegetable juice,shopping bags,,,
whole milk,pip fruit,yogurt,curd,pastry,hamburger meat,soda,domestic eggs,tropical fruit,
pip fruit,,,,,,,,,
cream cheese,tropical fruit,margarine,other vegetables,rolls/buns,whipped/sour cream,,,,
cream cheese,,,,,,,,,
ice cream,citrus fruit,curd,whipped/sour cream,napkins,soda,shopping bags,rolls/buns,whole milk,root vegetables
cream cheese,coffee,butter,yogurt,detergent,pastry,frozen vegetables,citrus fruit,,
coffee,whipped/sour cream,napkins,,,,,,,
whole milk,sausage,curd,rolls/buns,domestic eggs,,,,,
soda,bottled water,whole milk,newspapers,brown bread,other vegetables,frozen vegetables,napkins,hamburger meat,rolls/buns
root vegetables,citrus fruit,tropical fruit,frozen vegetables,coffee,pip fruit,,,,
sausage,rolls/buns,ice cream,brown bread,curd,hamburger meat,citrus fruit,domestic eggs,,
curd,chicken,pork,other vegetables,butter,,,,,
newspapers,fruit/vegetable juice,ice cream,domestic eggs,other vegetables,yogurt,napkins,brown bread,,
whole milk,,,,,,,,,
butter,newspapers,tropical fruit,rolls/buns,citrus fruit,,,,,
rolls/buns,brown bread,root vegetables,,,,,,,
napkins,root vegetables,hamburger meat,shopping bags,pork,other vegetables,citrus fruit,domestic eggs,,
cream cheese,detergent,sausage,rolls/buns,napkins,,,,,
pip fruit,,,,,,,,,
napkins,hamburger meat,domestic eggs,pip fruit,curd,root vegetables,frozen vegetables,butter,,
rolls/buns,tropical fruit,pastry,bottled water,whipped/sour cream,sausage,,,,
shopping bags,domestic eggs,cream cheese,yogurt,pork,brown bread,coffee,,,
whipped/sour cream,citrus fruit,domestic eggs,coffee,tropical fruit,,,,,
root vegetables,fruit/vegetable juice,whipped/sour cream,brown bread,butter,,,,,
napkins,whole milk,soda,sausage,yogurt,fruit/vegetable juice,newspapers,pastry,,
butter,newspapers,cream cheese,yogurt,fruit/vegetable juice,tropical fruit,domestic eggs,,,
cream cheese,rolls/buns,whole milk,yogurt,,,,,,
curd,ice cream,shopping bags,,,,,,,
pastry,frozen vegetables,chicken,rolls/buns,root vegetables,whipped/sour cream,margarine,cream cheese,yogurt,
pip fruit,sausage,tropical fruit,shopping bags,newspapers,pork,whipped/sour cream,chicken,rolls/buns,
rolls/buns,soda,margarine,bottled water,,,,,,
rolls/buns,margarine,,,,,,,,
curd,citrus fruit,pastry,margarine,cream cheese,,,,,
pastry,coffee,,,,,,,,
pork,bottled water,rolls/buns,citrus fruit,margarine,ice cream,whole milk,curd,frozen vegetables,
citrus fruit,,,,,,,,,
fruit/vegetable juice,whipped/sour cream,pork,root vegetables,,,,,,
bottled water,pork,pip fruit,butter,tropical fruit,chicken,detergent,,,
whole milk,butter,,,,,,,,
cream cheese,,,,,,,,,
pip fruit,newspapers,whipped/sour cream,chicken,domestic eggs,bottled water,napkins,yogurt,,
shopping bags,,,,,,,,,
detergent,shopping bags,,,,,,,,
margarine,soda,newspapers,cream cheese,sausage,ice cream,shopping bags,citrus fruit,,
sausage,chicken,butter,soda,hamburger meat,ice cream,whipped/sour cream,,,
ice cream,root vegetables,margarine,,,,,,,
newspapers,margarine,root vegetables,whipped/sour cream,napkins,frozen vegetables,ice cream,other vegetables,,
soda,,,,,,,,,
shopping bags,other vegetables,chicken,root vegetables,pip fruit,margarine,,,,
other vegetables,rolls/buns,,,,,,,,
tropical fruit,napkins,brown bread,citrus fruit,cream cheese,hamburger meat,rolls/buns,root vegetables,,
tropical fruit,cream cheese,margarine,root vegetables,whipped/sour cream,,,,,
root vegetables,napkins,,,,,,,,
root vegetables,domestic eggs,whipped/sour cream,hamburger meat,whole milk,newspapers,yogurt,,,
tropical fruit,whole milk,sausage,napkins,,,,,,
margarine,root vegetables,whole milk,detergent,ice cream,napkins,whipped/sour cream,domestic eggs,yogurt,butter
fruit/vegetable juice,margarine,pip fruit,pork,hamburger meat,bottled water,coffee,frozen vegetables,,
soda,fruit/vegetable juice,,,,,,,,
root vegetables,coffee,whole milk,,,,,,,
newspapers,citrus fruit,shopping bags,curd,bottled water,whole milk,rolls/buns,pork,,
cream cheese,frozen vegetables,,,,,,,,
rolls/buns,pork,chicken,pastry,cream cheese,other vegetables,root vegetables,bottled water,,
ice cream,cream cheese,pork,domestic eggs,hamburger meat,butter,curd,coffee,,
frozen vegetables,bottled water,shopping bags,pip fruit,fruit/vegetable juice,,,,,
butter,other vegetables,cream cheese,frozen vegetables,,,,,,
hamburger meat,fruit/vegetable juice,whole milk,butter,newspapers,other vegetables,yogurt,sausage,pastry,
domestic eggs,root vegetables,whole milk,newspapers,soda,fruit/vegetable juice,,,,
rolls/buns,margarine,citrus fruit,brown bread,,,,,,
other vegetables,ice cream,chicken,shopping bags,napkins,hamburger meat,,,,
yogurt,napkins,ice cream,cream cheese,citrus fruit,,,,,
citrus fruit,whipped/sour cream,bottled water,soda,shopping bags,fruit/vegetable juice,frozen vegetables,napkins,butter,
curd,pastry,brown bread,yogurt,whipped/sour cream,ice cream,citrus fruit,hamburger meat,chicken,
pastry,hamburger meat,frozen vegetables,newspapers,cream cheese,root vegetables,whole milk,rolls/buns,tropical fruit,brown bread
chicken,rolls/buns,whipped/sour cream,,,,,,,
butter,bottled water,pastry,rolls/buns,cream cheese,sausage,curd,,,
whipped/sour cream,,,,,,,,,
bottled water,napkins,rolls/buns,,,,,,,
hamburger meat,pastry,,,,,,,,
fruit/vegetable juice,domestic eggs,napkins,,,,,,,
fruit/vegetable juice,tropical fruit,bottled water,pork,pip fruit,butter,citrus fruit,brown bread,,
citrus fruit,fruit/vegetable juice,rolls/buns,domestic eggs,napkins,soda,sausage,,,
detergent,domestic eggs,root vegetables,pastry,fruit/vegetable juice,cream cheese,,,,
brown bread,,,,,,,,,
whipped/sour cream,,,,,,,,,
brown bread,chicken,butter,whipped/sour cream,margarine,domestic eggs,bottled water,,,
fruit/vegetable juice,root vegetables,shopping bags,cream cheese,frozen vegetables,,,,,
ice cream,root vegetables,tropical fruit,bottled water,cream cheese,,,,,
pork,root vegetables,hamburger meat,soda,ice cream,brown bread,,,,
curd,margarine,whole milk,frozen vegetables,pastry,brown bread,rolls/buns,,,
frozen vegetables,cream cheese,hamburger meat,tropical fruit,napkins,curd,root vegetables,margarine,other vegetables,
chicken,yogurt,bottled water,,,,,,,
tropical fruit,whole milk,fruit/vegetable juice,pip fruit,brown bread,,,,,
frozen vegetables,,,,,,,,,
other vegetables,margarine,,,,,,,,
whole milk,root vegetables,,,,,,,,
bottled water,napkins,,,,,,,,
newspapers,root vegetables,chicken,pip fruit,yogurt,other vegetables,detergent,frozen vegetables,citrus fruit,soda
hamburger meat,,,,,,,,,
napkins,curd,pastry,detergent,bottled water,ice cream,,,,
chicken,other vegetables,fruit/vegetable juice,pork,butter,margarine,ice cream,sausage,domestic eggs,
pork,curd,fruit/vegetable juice,cream cheese,pastry,sausage,other vegetables,margarine,brown bread,frozen vegetables
root vegetables,ice cream,butter,whole milk,frozen vegetables,citrus fruit,chicken,napkins,,
napkins,newspapers,bottled water,fruit/vegetable juice,soda,pastry,shopping bags,,,
newspapers,whole milk,sausage,,,,,,,
whipped/sour cream,coffee,brown bread,pip fruit,soda,,,,,
bottled water,butter,frozen vegetables,whipped/sour cream,tropical fruit,,,,,
curd,yogurt,chicken,pastry,brown bread,whipped/sour cream,pip fruit,,,
newspapers,soda,whole milk,hamburger meat,fruit/vegetable juice,pork,chicken,root vegetables,coffee,
ice cream,,,,,,,,,
citrus fruit,frozen vegetables,pip fruit,fruit/vegetable juice,butter,brown bread,domestic eggs,pastry,whole milk,hamburger meat
tropical fruit,curd,newspapers,whipped/sour cream,margarine,rolls/buns,sausage,whole milk,brown bread,
citrus fruit,margarine,curd,domestic eggs,hamburger meat,rolls/buns,napkins,pork,other vegetables,
root vegetables,,,,,,,,,
whipped/sour cream,root vegetables,pork,fruit/vegetable juice,detergent,pastry,whole milk,butter,,
whipped/sour cream,pastry,napkins,newspapers,ice cream,other vegetables,bottled water,pork,,
curd,tropical fruit,newspapers,yogurt,,,,,,
cream cheese,whole milk,newspapers,brown bread,root vegetables,margarine,pip fruit,hamburger meat,chicken,
root vegetables,pip fruit,hamburger meat,shopping bags,margarine,soda,napkins,rolls/buns,whole milk,
whipped/sour cream,pork,,,,,,,,
pastry,sausage,coffee,pip fruit,whole milk,bottled water,margarine,rolls/buns,hamburger meat,cream cheese
napkins,shopping bags,hamburger meat,newspapers,tropical fruit,citrus fruit,cream cheese,detergent,pip fruit,
detergent,,,,,,,,,
butter,rolls/buns,,,,,,,,
tropical fruit,whipped/sour cream,other vegetables,hamburger meat,detergent,shopping bags,,,,
pastry,butter,root vegetables,cream cheese,yogurt,whipped/sour cream,tropical fruit,bottled water,,
other vegetables,root vegetables,cream cheese,coffee,frozen vegetables,,,,,
whole milk,chicken,cream cheese,margarine,yogurt,citrus fruit,soda,coffee,hamburger meat,
soda,bottled water,shopping bags,brown bread,domestic eggs,chicken,coffee,root vegetables,,
fruit/vegetable juice,shopping bags,other vegetables,soda,sausage,margarine,,,,
brown bread,chicken,cream cheese,sausage,root vegetables,pork,shopping bags,fruit/vegetable juice,margarine,coffee
domestic eggs,shopping bags,citrus fruit,margarine,,,,,,
pastry,pork,whipped/sour cream,citrus fruit,,,,,,
margarine,root vegetables,pastry,newspapers,napkins,,,,,
soda,frozen vegetables,,,,,,,,
citrus fruit,whole milk,hamburger meat,margarine,bottled water,,,,,
chicken,butter,pork,hamburger meat,pip fruit,cream cheese,newspapers,whole milk,domestic eggs,napkins
frozen vegetables,other vegetables,soda,sausage,curd,bottled water,detergent,coffee,fruit/vegetable juice,pip fruit
newspapers,frozen vegetables,pork,margarine,domestic eggs,bottled water,brown bread,other vegetables,detergent,whipped/sour cream
fruit/vegetable juice,newspapers,,,,,,,,
shopping bags,citrus fruit,yogurt,fruit/vegetable juice,other vegetables,newspapers,,,,
napkins,soda,other vegetables,,,,,,,
detergent,pork,,,,,,,,
napkins,butter,other vegetables,chicken,coffee,pip fruit,ice cream,root vegetables,whipped/sour cream,sausage
root vegetables,hamburger meat,margarine,coffee,,,,,,
tropical fruit,pork,,,,,,,,
shopping bags,sausage,curd,tropical fruit,citrus fruit,napkins,whole milk,other vegetables,fruit/vegetable juice,pip fruit
detergent,frozen vegetables,citrus fruit,,,,,,,
cream cheese,hamburger meat,tropical fruit,citrus fruit,ice cream,other vegetables,pip fruit,soda,margarine,
ice cream,tropical fruit,pip fruit,fruit/vegetable juice,butter,,,,,
bottled water,brown bread,other vegetables,detergent,fruit/vegetable juice,margarine,coffee,pork,newspapers,soda
coffee,sausage,butter,margarine,pork,brown bread,,,,
fruit/vegetable juice,whole milk,bottled water,frozen vegetables,other vegetables,rolls/buns,,,,
hamburger meat,rolls/buns,bottled water,soda,coffee,sausage,newspapers,ice cream,,
yogurt,shopping bags,pip fruit,coffee,domestic eggs,hamburger meat,soda,,,
shopping bags,domestic eggs,brown bread,whipped/sour cream,hamburger meat,rolls/buns,napkins,,,
sausage,tropical fruit,pork,shopping bags,soda,bottled water,margarine,brown bread,butter,
domestic eggs,pork,,,,,,,,
napkins,coffee,pastry,rolls/buns,frozen vegetables,detergent,,,,
cream cheese,frozen vegetables,,,,,,,,
domestic eggs,hamburger meat,butter,,,,,,,
fruit/vegetable juice,sausage,pastry,hamburger meat,ice cream,,,,,
other vegetables,pip fruit,citrus fruit,margarine,pork,,,,,
chicken,coffee,tropical fruit,,,,,,,
brown bread,pastry,curd,chicken,tropical fruit,,,,,
cream cheese,frozen vegetables,brown bread,,,,,,,
shopping bags,pip fruit,margarine,,,,,,,
yogurt,curd,napkins,,,,,,,
newspapers,detergent,napkins,bottled water,curd,citrus fruit,rolls/buns,pip fruit,ice cream,shopping bags
whole milk,cream cheese,chicken,frozen vegetables,pip fruit,,,,,
newspapers,other vegetables,margarine,rolls/buns,ice cream,tropical fruit,whipped/sour cream,sausage,brown bread,
other vegetables,fruit/vegetable juice,pork,tropical fruit,ice cream,sausage,root vegetables,,,
detergent,pastry,sausage,citrus fruit,,,,,,
curd,domestic eggs,newspapers,citrus fruit,hamburger meat,soda,tropical fruit,detergent,coffee,
detergent,bottled water,pork,curd,,,,,,
coffee,bottled water,whole milk,rolls/buns,detergent,margarine,cream cheese,shopping bags,,
citrus fruit,shopping bags,rolls/buns,soda,tropical fruit,hamburger meat,,,,
newspapers,margarine,pork,frozen vegetables,coffee,,,,,
rolls/buns,pork,whipped/sour cream,margarine,other vegetables,hamburger meat,ice cream,root vegetables,,
shopping bags,,,,,,,,,
rolls/buns,tropical fruit,yogurt,root vegetables,brown bread,sausage,shopping bags,pip fruit,chicken,
hamburger meat,domestic eggs,yogurt,chicken,soda,,,,,
brown bread,rolls/buns,fruit/vegetable juice,root vegetables,pork,detergent,shopping bags,napkins,margarine,
brown bread,margarine,coffee,other vegetables,shopping bags,frozen vegetables,pastry,root vegetables,,
brown bread,fruit/vegetable juice,rolls/buns,pip fruit,napkins,frozen vegetables,hamburger meat,yogurt,ice cream,
yogurt,shopping bags,sausage,whipped/sour cream,pip fruit,rolls/buns,domestic eggs,,,
yogurt,chicken,cream cheese,,,,,,,
cream cheese,pastry,other vegetables,,,,,,,
whole milk,coffee,pip fruit,fruit/vegetable juice,pastry,other vegetables,pork,,,
yogurt,margarine,pork,whipped/sour cream,newspapers,,,,,
shopping bags,napkins,rolls/buns,cream cheese,soda,detergent,chicken,domestic eggs,fruit/vegetable juice,brown bread
napkins,pip fruit,curd,rolls/buns,yogurt,hamburger meat,soda,,,
curd,brown bread,cream cheese,pork,,,,,,
rolls/buns,yogurt,pastry,,,,,,,
pip fruit,frozen vegetables,brown bread,whipped/sour cream,whole milk,root vegetables,pork,bottled water,,
ice cream,domestic eggs,pork,sausage,,,,,,
hamburger meat,other vegetables,whipped/sour cream,margarine,brown bread,tropical fruit,,,,
rolls/buns,butter,napkins,ice cream,pork,detergent,,,,
rolls/buns,root vegetables,soda,butter,,,,,,
detergent,napkins,brown bread,newspapers,citrus fruit,cream cheese,rolls/buns,shopping bags,,
whole milk,citrus fruit,shopping bags,brown bread,tropical fruit,,,,,
bottled water,whole milk,domestic eggs,hamburger meat,ice cream,frozen vegetables,pastry,,,
whipped/sour cream,chicken,pork,,,,,,,
brown bread,tropical fruit,,,,,,,,
pastry,tropical fruit,margarine,curd,shopping bags,fruit/vegetable juice,,,,
yogurt,whipped/sour cream,curd,,,,,,,
cream cheese,whole milk,fruit/vegetable juice,curd,,,,,,
napkins,soda,domestic eggs,,,,,,,
rolls/buns,domestic eggs,cream cheese,detergent,whipped/sour cream,,,,,
ice cream,fruit/vegetable juice,domestic eggs,whipped/sour cream,,,,,,
pork,bottled water,rolls/buns,yogurt,ice cream,,,,,
fruit/vegetable juice,yogurt,soda,sausage,butter,,,,,
whole milk,shopping bags,yogurt,sausage,root vegetables,frozen vegetables,citrus fruit,bottled water,fruit/vegetable juice,
citrus fruit,whipped/sour cream,ice cream,domestic eggs,bottled water,pastry,chicken,margarine,hamburger meat,
rolls/buns,frozen vegetables,butter,,,,,,,
pastry,domestic eggs,citrus fruit,other vegetables,hamburger meat,,,,,
pip fruit,bottled water,,,,,,,,
soda,root vegetables,domestic eggs,curd,hamburger meat,bottled water,shopping bags,,,
pip fruit,,,,,,,,,
newspapers,other vegetables,whipped/sour cream,hamburger meat,whole milk,domestic eggs,cream cheese,butter,,
rolls/buns,,,,,,,,,
citrus fruit,yogurt,chicken,,,,,,,
chicken,,,,,,,,,
detergent,coffee,,,,,,,,
tropical fruit,coffee,,,,,,,,
pip fruit,margarine,rolls/buns,ice cream,,,,,,
ice cream,yogurt,other vegetables,,,,,,,
whole milk,frozen vegetables,pastry,yogurt,pip fruit,shopping bags,,,,
cream cheese,brown bread,curd,butter,shopping bags,whole milk,soda,tropical fruit,rolls/buns,
coffee,butter,yogurt,hamburger meat,cream cheese,frozen vegetables,rolls/buns,napkins,root vegetables,domestic eggs
yogurt,whipped/sour cream,fruit/vegetable juice,whole milk,napkins,domestic eggs,soda,pip fruit,,
sausage,coffee,yogurt,brown bread,pastry,bottled water,,,,
pip fruit,,,,,,,,,
cream cheese,whipped/sour cream,domestic eggs,margarine,tropical fruit,butter,brown bread,detergent,bottled water,yogurt
tropical fruit,frozen vegetables,hamburger meat,coffee,,,,,,
fruit/vegetable juice,pip fruit,whole milk,napkins,bottled water,cream cheese,,,,
soda,frozen vegetables,chicken,yogurt,hamburger meat,bottled water,pork,coffee,,
pastry,whipped/sour cream,soda,root vegetables,shopping bags,coffee,citrus fruit,domestic eggs,other vegetables,frozen vegetables
whole milk,pip fruit,hamburger meat,,,,,,,
fruit/vegetable juice,butter,domestic eggs,newspapers,brown bread,citrus fruit,curd,,,
chicken,yogurt,butter,,,,,,,
cream cheese,frozen vegetables,napkins,sausage,butter,brown bread,,,,
butter,tropical fruit,whole milk,cream cheese,pip fruit,pastry,,,,
sausage,pastry,cream cheese,other vegetables,tropical fruit,margarine,,,,
fruit/vegetable juice,other vegetables,detergent,frozen vegetables,margarine,,,,,
tropical fruit,detergent,,,,,,,,
whole milk,citrus fruit,other vegetables,newspapers,root vegetables,pork,yogurt,pastry,frozen vegetables,
sausage,yogurt,shopping bags,,,,,,,
chicken,citrus fruit,brown bread,cream cheese,curd,whole milk,butter,tropical fruit,,
newspapers,hamburger meat,tropical fruit,chicken,yogurt,,,,,
curd,yogurt,cream cheese,butter,frozen vegetables,brown bread,margarine,,,
margarine,fruit/vegetable juice,yogurt,pip fruit,,,,,,
other vegetables,root vegetables,butter,detergent,curd,pork,yogurt,brown bread,,
napkins,margarine,domestic eggs,citrus fruit,,,,,,
whole milk,whipped/sour cream,,,,,,,,
sausage,chicken,root vegetables,citrus fruit,coffee,cream cheese,,,,
domestic eggs,fruit/vegetable juice,chicken,soda,,,,,,
coffee,whipped/sour cream,pork,,,,,,,
brown bread,butter,,,,,,,,
bottled water,shopping bags,sausage,ice cream,brown bread,chicken,newspapers,pork,,
chicken,root vegetables,butter,bottled water,napkins,other vegetables,pastry,pork,,
brown bread,curd,whipped/sour cream,detergent,butter,newspapers,whole milk,,,
butter,frozen vegetables,fruit/vegetable juice,yogurt,,,,,,
whole milk,soda,detergent,whipped/sour cream,root vegetables,curd,shopping bags,,,
cream cheese,ice cream,butter,fruit/vegetable juice,brown bread,pip fruit,other vegetables,hamburger meat,,
pastry,shopping bags,,,,,,,,
bottled water,whipped/sour cream,coffee,chicken,cream cheese,curd,,,,
pip fruit,sausage,brown bread,citrus fruit,shopping bags,domestic eggs,,,,
pastry,frozen vegetables,fruit/vegetable juice,other vegetables,,,,,,
whipped/sour cream,chicken,brown bread,other vegetables,domestic eggs,soda,ice cream,,,
sausage,soda,cream cheese,frozen vegetables,citrus fruit,,,,,
napkins,shopping bags,coffee,root vegetables,soda,pip fruit,hamburger meat,domestic eggs,cream cheese,
root vegetables,,,,,,,,,
bottled water,frozen vegetables,pork,napkins,,,,,,
yogurt,chicken,pastry,curd,detergent,newspapers,napkins,hamburger meat,butter,whole milk
pork,domestic eggs,frozen vegetables,pastry,yogurt,citrus fruit,pip fruit,,,
butter,ice cream,pip fruit,margarine,root vegetables,coffee,whipped/sour cream,shopping bags,,
pip fruit,shopping bags,domestic eggs,curd,frozen vegetables,newspapers,sausage,bottled water,ice cream,whipped/sour cream
citrus fruit,cream cheese,,,,,,,,
fruit/vegetable juice,pip fruit,pastry,bottled water,margarine,tropical fruit,hamburger meat,brown bread,whole milk,
sausage,citrus fruit,detergent,,,,,,,
butter,frozen vegetables,yogurt,hamburger meat,brown bread,curd,coffee,whipped/sour cream,sausage,
coffee,citrus fruit,yogurt,napkins,bottled water,fruit/vegetable juice,detergent,curd,brown bread,
cream cheese,sausage,detergent,shopping bags,newspapers,whipped/sour cream,,,,
napkins,,,,,,,,,
pork,citrus fruit,tropical fruit,butter,rolls/buns,root vegetables,pastry,,,
pip fruit,detergent,,,,,,,,
root vegetables,detergent,chicken,cream cheese,margarine,newspapers,whole milk,,,
brown bread,pork,root vegetables,,,,,,,
hamburger meat,root vegetables,,,,,,,,
pastry,sausage,detergent,bottled water,,,,,,
shopping bags,,,,,,,,,
pastry,frozen vegetables,margarine,,,,,,,
root vegetables,rolls/buns,pastry,margarine,,,,,,
pastry,sausage,tropical fruit,newspapers,frozen vegetables,domestic eggs,,,,
brown bread,,,,,,,,,
ice cream,root vegetables,,,,,,,,
coffee,,,,,,,,,
sausage,cream cheese,pip fruit,tropical fruit,coffee,margarine,domestic eggs,hamburger meat,yogurt,
butter,shopping bags,brown bread,bottled water,pip fruit,napkins,hamburger meat,cream cheese,,
citrus fruit,yogurt,frozen vegetables,shopping bags,,,,,,
soda,coffee,tropical fruit,citrus fruit,,,,,,
frozen vegetables,soda,curd,newspapers,hamburger meat,,,,,
chicken,brown bread,margarine,whipped/sour cream,newspapers,frozen vegetables,other vegetables,,,
butter,curd,frozen vegetables,citrus fruit,newspapers,pip fruit,chicken,brown bread,detergent,napkins
whole milk,pip fruit,,,,,,,,
hamburger meat,fruit/vegetable juice,other vegetables,soda,brown bread,detergent,rolls/buns,ice cream,,
fruit/vegetable juice,detergent,hamburger meat,whole milk,,,,,,
hamburger meat,detergent,bottled water,,,,,,,
margarine,,,,,,,,,
brown bread,other vegetables,pork,whole milk,pastry,hamburger meat,sausage,pip fruit,,
detergent,,,,,,,,,
whipped/sour cream,detergent,citrus fruit,ice cream,,,,,,
napkins,,,,,,,,,
butter,,,,,,,,,
coffee,chicken,ice cream,tropical fruit,citrus fruit,cream cheese,,,,
newspapers,whipped/sour cream,hamburger meat,root vegetables,rolls/buns,napkins,soda,,,
detergent,hamburger meat,rolls/buns,pork,bottled water,sausage,,,,
citrus fruit,whole milk,detergent,root vegetables,sausage,pastry,yogurt,,,
bottled water,sausage,pork,frozen vegetables,,,,,,
margarine,coffee,fruit/vegetable juice,ice cream,,,,,,
detergent,coffee,bottled water,,,,,,,
shopping bags,root vegetables,sausage,tropical fruit,ice cream,rolls/buns,pip fruit,soda,whole milk,
pork,curd,brown bread,napkins,,,,,,
domestic eggs,ice cream,root vegetables,hamburger meat,bottled water,pip fruit,,,,
coffee,pork,pastry,cream cheese,,,,,,
whole milk,chicken,coffee,tropical fruit,citrus fruit,,,,,
sausage,pastry,coffee,rolls/buns,bottled water,hamburger meat,,,,
margarine,sausage,bottled water,,,,,,,
shopping bags,yogurt,domestic eggs,brown bread,ice cream,rolls/buns,hamburger meat,whole milk,pip fruit,
rolls/buns,,,,,,,,,
domestic eggs,curd,hamburger meat,chicken,citrus fruit,detergent,newspapers,napkins,,
citrus fruit,butter,sausage,bottled water,pastry,whole milk,frozen vegetables,hamburger meat,domestic eggs,detergent
citrus fruit,pastry,sausage,margarine,other vegetables,brown bread,tropical fruit,yogurt,root vegetables,curd
rolls/buns,hamburger meat,pork,ice cream,butter,coffee,other vegetables,,,
other vegetables,ice cream,,,,,,,,
root vegetables,curd,hamburger meat,other vegetables,detergent,pastry,rolls/buns,yogurt,citrus fruit,margarine
fruit/vegetable juice,pip fruit,chicken,newspapers,,,,,,
domestic eggs,bottled water,pip fruit,butter,cream cheese,root vegetables,citrus fruit,newspapers,tropical fruit,curd
curd,soda,frozen vegetables,,,,,,,
pip fruit,root vegetables,fruit/vegetable juice,whipped/sour cream,tropical fruit,newspapers,yogurt,,,
newspapers,root vegetables,pork,,,,,,,
bottled water,butter,whole milk,yogurt,,,,,,
detergent,margarine,shopping bags,curd,newspapers,root vegetables,rolls/buns,,,
margarine,root vegetables,yogurt,hamburger meat,frozen vegetables,ice cream,fruit/vegetable juice,detergent,sausage,
margarine,pastry,tropical fruit,ice cream,pork,curd,sausage,fruit/vegetable juice,root vegetables,
whole milk,,,,,,,,,
yogurt,newspapers,,,,,,,,
pork,frozen vegetables,,,,,,,,
ice cream,soda,hamburger meat,root vegetables,chicken,,,,,
other vegetables,sausage,brown bread,,,,,,,
other vegetables,brown bread,sausage,frozen vegetables,soda,newspapers,,,,
root vegetables,chicken,pork,pip fruit,,,,,,
bottled water,frozen vegetables,tropical fruit,soda,butter,,,,,
root vegetables,margarine,ice cream,,,,,,,
pip fruit,rolls/buns,other vegetables,pork,margarine,,,,,
tropical fruit,chicken,rolls/buns,sausage,newspapers,domestic eggs,whipped/sour cream,cream cheese,,
brown bread,pastry,domestic eggs,soda,chicken,newspapers,,,,
margarine,domestic eggs,rolls/buns,root vegetables,bottled water,pastry,,,,
pip fruit,ice cream,frozen vegetables,,,,,,,
bottled water,domestic eggs,,,,,,,,
pip fruit,whipped/sour cream,,,,,,,,
newspapers,ice cream,soda,pork,tropical fruit,yogurt,curd,,,
sausage,coffee,fruit/vegetable juice,hamburger meat,rolls/buns,yogurt,tropical fruit,pip fruit,detergent,
citrus fruit,detergent,brown bread,other vegetables,rolls/buns,fruit/vegetable juice,newspapers,,,
napkins,brown bread,detergent,,,,,,,
domestic eggs,cream cheese,brown bread,pork,butter,yogurt,frozen vegetables,whole milk,pastry,curd
chicken,tropical fruit,ice cream,margarine,whipped/sour cream,cream cheese,,,,
coffee,brown bread,bottled water,soda,frozen vegetables,ice cream,root vegetables,pastry,whipped/sour cream,
cream cheese,root vegetables,soda,domestic eggs,fruit/vegetable juice,,,,,
shopping bags,other vegetables,sausage,domestic eggs,pastry,bottled water,pork,,,
soda,root vegetables,rolls/buns,newspapers,butter,fruit/vegetable juice,margarine,whipped/sour cream,chicken,coffee
other vegetables,,,,,,,,,
curd,brown bread,frozen vegetables,domestic eggs,bottled water,ice cream,whipped/sour cream,margarine,shopping bags,
rolls/buns,brown bread,,,,,,,,
margarine,cream cheese,sausage,other vegetables,tropical fruit,,,,,
pip fruit,butter,other vegetables,fruit/vegetable juice,sausage,shopping bags,whipped/sour cream,,,
pastry,pork,frozen vegetables,cream cheese,sausage,napkins,whipped/sour cream,,,
pastry,butter,,,,,,,,
whipped/sour cream,fruit/vegetable juice,hamburger meat,coffee,,,,,,
pork,whole milk,yogurt,napkins,,,,,,
detergent,bottled water,frozen vegetables,other vegetables,brown bread,rolls/buns,whole milk,,,
brown bread,pastry,citrus fruit,rolls/buns,coffee,whipped/sour cream,napkins,bottled water,pip fruit,
soda,hamburger meat,napkins,frozen vegetables,citrus fruit,domestic eggs,fruit/vegetable juice,,,
shopping bags,brown bread,yogurt,pork,detergent,chicken,whipped/sour cream,,,
soda,domestic eggs,rolls/buns,tropical fruit,newspapers,pastry,cream cheese,butter,detergent,
cream cheese,rolls/buns,chicken,frozen vegetables,napkins,detergent,pastry,soda,coffee,fruit/vegetable juice
yogurt,detergent,napkins,bottled water,pastry,pip fruit,curd,,,
shopping bags,ice cream,yogurt,chicken,,,,,,
butter,other vegetables,sausage,soda,curd,ice cream,,,,
chicken,soda,,,,,,,,
root vegetables,tropical fruit,yogurt,pork,,,,,,
root vegetables,brown bread,margarine,frozen vegetables,pork,domestic eggs,,,,
newspapers,sausage,root vegetables,brown bread,margarine,soda,napkins,whipped/sour cream,pastry,hamburger meat
cream cheese,root vegetables,pastry,shopping bags,,,,,,
other vegetables,cream cheese,domestic eggs,pastry,,,,,,
tropical fruit,ice cream,,,,,,,,
ice cream,fruit/vegetable juice,bottled water,margarine,whipped/sour cream,whole milk,other vegetables,newspapers,,
fruit/vegetable juice,citrus fruit,hamburger meat,cream cheese,bottled water,,,,,
pastry,pork,whipped/sour cream,newspapers,chicken,napkins,,,,
soda,pastry,shopping bags,whipped/sour cream,chicken,,,,,
citrus fruit,whole milk,pip fruit,pastry,hamburger meat,,,,,
soda,coffee,margarine,,,,,,,
rolls/buns,newspapers,napkins,domestic eggs,hamburger meat,tropical fruit,margarine,root vegetables,,
chicken,pastry,detergent,frozen vegetables,butter,sausage,pip fruit,,,
bottled water,detergent,newspapers,whipped/sour cream,yogurt,ice cream,frozen vegetables,rolls/buns,butter,
whole milk,newspapers,coffee,yogurt,bottled water,pork,citrus fruit,ice cream,shopping bags,
margarine,pork,rolls/buns,ice cream,,,,,,
pip fruit,hamburger meat,pastry,brown bread,detergent,napkins,cream cheese,whipped/sour cream,butter,
newspapers,,,,,,,,,
domestic eggs,,,,,,,,,
citrus fruit,,,,,,,,,
whipped/sour cream,other vegetables,ice cream,margarine,curd,hamburger meat,citrus fruit,,,
whipped/sour cream,chicken,bottled water,frozen vegetables,,,,,,
cream cheese,butter,shopping bags,soda,,,,,,
root vegetables,cream cheese,ice cream,whole milk,yogurt,citrus fruit,newspapers,,,
hamburger meat,whipped/sour cream,other vegetables,detergent,pastry,root vegetables,,,,
margarine,frozen vegetables,tropical fruit,root vegetables,chicken,bottled water,coffee,,,
fruit/vegetable juice,hamburger meat,pastry,sausage,whole milk,curd,,,,
ice cream,frozen vegetables,fruit/vegetable juice,soda,brown bread,other vegetables,cream cheese,,,
butter,whipped/sour cream,pork,brown bread,whole milk,citrus fruit,domestic eggs,cream cheese,,
whipped/sour cream,margarine,rolls/buns,cream cheese,hamburger meat,citrus fruit,pork,tropical fruit,coffee,domestic eggs
butter,root vegetables,frozen vegetables,cream cheese,bottled water,curd,newspapers,,,
hamburger meat,fruit/vegetable juice,brown bread,sausage,root vegetables,,,,,
detergent,pork,whole milk,fruit/vegetable juice,yogurt,frozen vegetables,root vegetables,chicken,curd,
ice cream,,,,,,,,,
whole milk,rolls/buns,fruit/vegetable juice,hamburger meat,yogurt,pork,butter,shopping bags,,
frozen vegetables,,,,,,,,,
detergent,bottled water,other vegetables,pastry,root vegetables,,,,,
whipped/sour cream,brown bread,citrus fruit,pip fruit,domestic eggs,pork,other vegetables,butter,fruit/vegetable juice,hamburger meat
curd,,,,,,,,,
chicken,domestic eggs,,,,,,,,
whipped/sour cream,rolls/buns,tropical fruit,root vegetables,pork,newspapers,,,,
shopping bags,pastry,,,,,,,,
margarine,ice cream,pip fruit,,,,,,,
newspapers,whole milk,soda,whipped/sour cream,detergent,coffee,pork,,,
tropical fruit,,,,,,,,,
whipped/sour cream,butter,whole milk,,,,,,,
frozen vegetables,pip fruit,whole milk,ice cream,fruit/vegetable juice,curd,sausage,napkins,cream cheese,other vegetables
napkins,hamburger meat,frozen vegetables,rolls/buns,sausage,newspapers,,,,
rolls/buns,root vegetables,margarine,ice cream,cream cheese,,,,,
shopping bags,butter,,,,,,,,
cream cheese,rolls/buns,,,,,,,,
pastry,pork,domestic eggs,root vegetables,,,,,,
pork,margarine,ice cream,domestic eggs,hamburger meat,soda,shopping bags,,,
pip fruit,tropical fruit,root vegetables,pastry,cream cheese,sausage,yogurt,,,
pastry,margarine,cream cheese,newspapers,other vegetables,bottled water,,,,
curd,soda,,,,,,,,
shopping bags,root vegetables,curd,hamburger meat,bottled water,whole milk,cream cheese,,,
hamburger meat,margarine,whipped/sour cream,curd,root vegetables,domestic eggs,newspapers,,,
butter,pastry,curd,brown bread,ice cream,rolls/buns,newspapers,whole milk,root vegetables,
chicken,,,,,,,,,
pip fruit,curd,fruit/vegetable juice,yogurt,brown bread,pastry,bottled water,margarine,tropical fruit,frozen vegetables
sausage,whole milk,citrus fruit,detergent,other vegetables,shopping bags,napkins,pork,,
domestic eggs,fruit/vegetable juice,pastry,pork,rolls/buns,,,,,
whole milk,fruit/vegetable juice,cream cheese,hamburger meat,curd,coffee,,,,
butter,tropical fruit,fruit/vegetable juice,rolls/buns,detergent,whole milk,cream cheese,hamburger meat,pip fruit,
coffee,frozen vegetables,,,,,,,,
whipped/sour cream,shopping bags,curd,other vegetables,fruit/vegetable juice,rolls/buns,,,,
whipped/sour cream,newspapers,,,,,,,,
fruit/vegetable juice,newspapers,pork,,,,,,,
napkins,whole milk,shopping bags,,,,,,,
bottled water,citrus fruit,margarine,root vegetables,whole milk,rolls/buns,coffee,detergent,,
pork,margarine,bottled water,fruit/vegetable juice,root vegetables,whipped/sour cream,pastry,newspapers,rolls/buns,
shopping bags,frozen vegetables,,,,,,,,
sausage,soda,bottled water,tropical fruit,shopping bags,napkins,brown bread,domestic eggs,root vegetables,chicken
other vegetables,chicken,soda,ice cream,pip fruit,newspapers,rolls/buns,brown bread,,
soda,,,,,,,,,
pork,,,,,,,,,
tropical fruit,coffee,cream cheese,frozen vegetables,whole milk,hamburger meat,sausage,curd,root vegetables,
margarine,pastry,fruit/vegetable juice,whipped/sour cream,hamburger meat,sausage,brown bread,butter,,
root vegetables,pork,,,,,,,,
ice cream,,,,,,,,,
other vegetables,,,,,,,,,
sausage,pip fruit,whipped/sour cream,frozen vegetables,hamburger meat,brown bread,newspapers,tropical fruit,bottled water,detergent
sausage,pip fruit,butter,soda,whipped/sour cream,rolls/buns,newspapers,bottled water,whole milk,
margarine,,,,,,,,,
curd,brown bread,root vegetables,chicken,soda,newspapers,,,,
newspapers,pip fruit,brown bread,yogurt,,,,,,
napkins,whole milk,brown bread,tropical fruit,newspapers,hamburger meat,chicken,root vegetables,ice cream,other vegetables
fruit/vegetable juice,frozen vegetables,cream cheese,domestic eggs,whole milk,,,,,
detergent,root vegetables,other vegetables,butter,citrus fruit,,,,,
frozen vegetables,curd,whole milk,citrus fruit,domestic eggs,,,,,
yogurt,pip fruit,citrus fruit,,,,,,,
chicken,pip fruit,brown bread,whipped/sour cream,pork,citrus fruit,hamburger meat,coffee,yogurt,
tropical fruit,newspapers,,,,,,,,
detergent,coffee,margarine,pip fruit,fruit/vegetable juice,bottled water,other vegetables,,,
bottled water,rolls/buns,whipped/sour cream,soda,,,,,,
tropical fruit,hamburger meat,soda,bottled water,pork,margarine,,,,
root vegetables,whipped/sour cream,chicken,fruit/vegetable juice,detergent,,,,,
chicken,tropical fruit,,,,,,,,
tropical fruit,whole milk,sausage,cream cheese,napkins,domestic eggs,other vegetables,citrus fruit,ice cream,
soda,pip fruit,,,,,,,,
fruit/vegetable juice,curd,rolls/buns,margarine,pastry,chicken,pip fruit,yogurt,soda,
napkins,chicken,newspapers,coffee,sausage,pastry,cream cheese,,,
newspapers,domestic eggs,brown bread,citrus fruit,other vegetables,coffee,butter,,,
margarine,shopping bags,coffee,ice cream,butter,bottled water,chicken,detergent,soda,tropical fruit
brown bread,whole milk,root vegetables,frozen vegetables,margarine,domestic eggs,bottled water,detergent,yogurt,
shopping bags,whole milk,curd,sausage,bottled water,pip fruit,,,,
frozen vegetables,coffee,chicken,sausage,,,,,,
fruit/vegetable juice,ice cream,pork,,,,,,,
pork,butter,other vegetables,coffee,fruit/vegetable juice,brown bread,curd,cream cheese,,
chicken,detergent,sausage,whipped/sour cream,whole milk,frozen vegetables,other vegetables,bottled water,root vegetables,domestic eggs
domestic eggs,brown bread,pork,pastry,citrus fruit,napkins,,,,
shopping bags,soda,hamburger meat,citrus fruit,margarine,napkins,sausage,newspapers,cream cheese,pip fruit
chicken,coffee,shopping bags,citrus fruit,brown bread,pip fruit,other vegetables,,,
frozen vegetables,ice cream,chicken,yogurt,root vegetables,tropical fruit,rolls/buns,whipped/sour cream,shopping bags,
fruit/vegetable juice,soda,coffee,other vegetables,brown bread,butter,domestic eggs,whipped/sour cream,bottled water,
sausage,detergent,yogurt,napkins,brown bread,ice cream,,,,
whipped/sour cream,pork,root vegetables,,,,,,,
root vegetables,yogurt,frozen vegetables,newspapers,tropical fruit,,,,,
butter,margarine,whole milk,,,,,,,
fruit/vegetable juice,tropical fruit,,,,,,,,
pip fruit,,,,,,,,,
coffee,root vegetables,napkins,hamburger meat,chicken,pork,pip fruit,,,
newspapers,pork,brown bread,ice cream,shopping bags,root vegetables,,,,
newspapers,pork,rolls/buns,yogurt,tropical fruit,shopping bags,curd,,,
newspapers,ice cream,napkins,domestic eggs,soda,other vegetables,brown bread,pork,pip fruit,citrus fruit
other vegetables,sausage,bottled water,,,,,,,
pastry,napkins,soda,,,,,,,
domestic eggs,frozen vegetables,other vegetables,citrus fruit,,,,,,
root vegetables,margarine,brown bread,chicken,cream cheese,pastry,domestic eggs,bottled water,detergent,
other vegetables,butter,curd,napkins,whipped/sour cream,root vegetables,rolls/buns,fruit/vegetable juice,,
butter,,,,,,,,,
citrus fruit,yogurt,whipped/sour cream,frozen vegetables,bottled water,fruit/vegetable juice,root vegetables,chicken,,
cream cheese,curd,yogurt,root vegetables,rolls/buns,other vegetables,coffee,domestic eggs,,
whole milk,chicken,sausage,ice cream,pastry,shopping bags,pip fruit,butter,frozen vegetables,domestic eggs
detergent,newspapers,cream cheese,fruit/vegetable juice,sausage,whole milk,tropical fruit,coffee,,
curd,frozen vegetables,shopping bags,hamburger meat,root vegetables,domestic eggs,pork,soda,whole milk,butter
butter,rolls/buns,,,,,,,,
hamburger meat,shopping bags,frozen vegetables,bottled water,root vegetables,ice cream,,,,
citrus fruit,whipped/sour cream,coffee,pastry,cream cheese,tropical fruit,bottled water,soda,shopping bags,pork
coffee,rolls/buns,detergent,butter,whipped/sour cream,whole milk,napkins,soda,curd,
tropical fruit,whipped/sour cream,coffee,cream cheese,rolls/buns,butter,,,,
frozen vegetables,tropical fruit,pip fruit,cream cheese,soda,fruit/vegetable juice,curd,other vegetables,rolls/buns,
tropical fruit,,,,,,,,,
rolls/buns,bottled water,,,,,,,,
other vegetables,soda,whole milk,sausage,brown bread,pork,,,,
curd,margarine,ice cream,domestic eggs,pastry,whipped/sour cream,,,,
frozen vegetables,butter,curd,whipped/sour cream,pork,margarine,rolls/buns,,,
coffee,brown bread,root vegetables,napkins,tropical fruit,,,,,
frozen vegetables,bottled water,newspapers,,,,,,,
pip fruit,curd,bottled water,margarine,brown bread,napkins,shopping bags,hamburger meat,pork,
other vegetables,domestic eggs,curd,butter,brown bread,frozen vegetables,newspapers,detergent,ice cream,
yogurt,fruit/vegetable juice,rolls/buns,,,,,,,
chicken,whipped/sour cream,margarine,shopping bags,yogurt,newspapers,brown bread,,,
detergent,hamburger meat,curd,brown bread,sausage,whipped/sour cream,butter,,,
margarine,pork,coffee,ice cream,,,,,,
newspapers,domestic eggs,,,,,,,,
cream cheese,fruit/vegetable juice,curd,coffee,detergent,napkins,,,,
whipped/sour cream,yogurt,hamburger meat,domestic eggs,tropical fruit,rolls/buns,pip fruit,brown bread,,
sausage,root vegetables,curd,,,,,,,
cream cheese,bottled water,,,,,,,,
soda,frozen vegetables,brown bread,,,,,,,
chicken,curd,pork,ice cream,hamburger meat,bottled water,brown bread,,,
curd,citrus fruit,fruit/vegetable juice,detergent,yogurt,cream cheese,hamburger meat,,,
yogurt,tropical fruit,shopping bags,bottled water,ice cream,,,,,
frozen vegetables,root vegetables,coffee,pork,brown bread,newspapers,,,,
napkins,rolls/buns,,,,,,,,
domestic eggs,ice cream,pip fruit,pork,soda,whipped/sour cream,detergent,,,
soda,detergent,whole milk,other vegetables,pastry,margarine,frozen vegetables,coffee,pork,
other vegetables,cream cheese,,,,,,,,
tropical fruit,coffee,ice cream,napkins,sausage,shopping bags,other vegetables,margarine,hamburger meat,
cream cheese,newspapers,napkins,whole milk,,,,,,
detergent,,,,,,,,,
brown bread,tropical fruit,pork,soda,yogurt,ice cream,pip fruit,cream cheese,,
hamburger meat,cream cheese,ice cream,,,,,,,
domestic eggs,other vegetables,,,,,,,,
newspapers,coffee,pip fruit,cream cheese,chicken,yogurt,rolls/buns,,,
bottled water,whole milk,cream cheese,newspapers,butter,napkins,curd,rolls/buns,whipped/sour cream,
root vegetables,rolls/buns,brown bread,bottled water,ice cream,fruit/vegetable juice,coffee,whipped/sour cream,sausage,pip fruit
chicken,brown bread,margarine,ice cream,citrus fruit,yogurt,pork,whipped/sour cream,,
ice cream,pip fruit,citrus fruit,bottled water,,,,,,
cream cheese,butter,rolls/buns,newspapers,margarine,soda,fruit/vegetable juice,other vegetables,,
margarine,detergent,soda,sausage,newspapers,curd,hamburger meat,rolls/buns,,
brown bread,coffee,other vegetables,sausage,frozen vegetables,ice cream,shopping bags,whole milk,cream cheese,whipped/sour cream
pork,detergent,hamburger meat,curd,yogurt,coffee,,,,
pip fruit,,,,,,,,,
root vegetables,pip fruit,ice cream,yogurt,butter,brown bread,detergent,,,
domestic eggs,citrus fruit,yogurt,brown bread,shopping bags,pork,fruit/vegetable juice,other vegetables,chicken,
brown bread,fruit/vegetable juice,hamburger meat,root vegetables,sausage,citrus fruit,,,,
cream cheese,curd,detergent,brown bread,other vegetables,pastry,pip fruit,pork,frozen vegetables,domestic eggs
cream cheese,domestic eggs,detergent,brown bread,yogurt,frozen vegetables,rolls/buns,shopping bags,curd,
pip fruit,brown bread,citrus fruit,soda,margarine,pork,butter,other vegetables,yogurt,
ice cream,bottled water,hamburger meat,rolls/buns,whipped/sour cream,brown bread,coffee,pastry,domestic eggs,margarine
citrus fruit,butter,rolls/buns,domestic eggs,chicken,napkins,bottled water,,,
napkins,chicken,sausage,pip fruit,root vegetables,cream cheese,soda,yogurt,pork,bottled water
whipped/sour cream,bottled water,rolls/buns,pork,fruit/vegetable juice,sausage,brown bread,frozen vegetables,pastry,soda
whipped/sour cream,hamburger meat,whole milk,bottled water,pork,yogurt,butter,citrus fruit,,
frozen vegetables,pork,yogurt,,,,,,,
coffee,cream cheese,,,,,,,,
domestic eggs,rolls/buns,napkins,frozen vegetables,,,,,,
margarine,pip fruit,other vegetables,fruit/vegetable juice,whipped/sour cream,napkins,domestic eggs,bottled water,rolls/buns,coffee
bottled water,cream cheese,soda,rolls/buns,napkins,brown bread,domestic eggs,newspapers,,
pastry,citrus fruit,domestic eggs,hamburger meat,other vegetables,,,,,
brown bread,pork,,,,,,,,
cream cheese,frozen vegetables,shopping bags,tropical fruit,sausage,yogurt,hamburger meat,pork,,
ice cream,root vegetables,margarine,other vegetables,,,,,,
yogurt,newspapers,frozen vegetables,shopping bags,napkins,coffee,chicken,,,
pastry,root vegetables,detergent,margarine,napkins,soda,yogurt,,,
brown bread,shopping bags,tropical fruit,,,,,,,
sausage,butter,bottled water,coffee,citrus fruit,whole milk,domestic eggs,fruit/vegetable juice,curd,chicken
cream cheese,frozen vegetables,fruit/vegetable juice,butter,curd,brown bread,detergent,whipped/sour cream,,
curd,pastry,,,,,,,,
whole milk,,,,,,,,,
pork,whole milk,,,,,,,,
coffee,whole milk,ice cream,hamburger meat,pastry,whipped/sour cream,,,,
tropical fruit,chicken,citrus fruit,sausage,margarine,whole milk,soda,fruit/vegetable juice,frozen vegetables,cream cheese
sausage,cream cheese,pip fruit,chicken,other vegetables,newspapers,soda,,,
bottled water,citrus fruit,newspapers,chicken,fruit/vegetable juice,,,,,
newspapers,shopping bags,yogurt,tropical fruit,,,,,,
pastry,soda,yogurt,,,,,,,
fruit/vegetable juice,coffee,,,,,,,,
fruit/vegetable juice,coffee,,,,,,,,
detergent,chicken,bottled water,other vegetables,whipped/sour cream,newspapers,ice cream,shopping bags,coffee,
ice cream,,,,,,,,,
sausage,curd,pastry,,,,,,,
tropical fruit,,,,,,,,,
butter,chicken,newspapers,margarine,bottled water,,,,,
butter,rolls/buns,detergent,bottled water,pork,sausage,whipped/sour cream,margarine,curd,
chicken,,,,,,,,,
napkins,detergent,cream cheese,butter,ice cream,rolls/buns,citrus fruit,whole milk,margarine,domestic eggs
margarine,napkins,coffee,soda,butter,pastry,whipped/sour cream,cream cheese,,
pork,brown bread,root vegetables,margarine,cream cheese,chicken,,,,
soda,other vegetables,bottled water,yogurt,whole milk,fruit/vegetable juice,pip fruit,shopping bags,detergent,
yogurt,hamburger meat,whole milk,other vegetables,sausage,,,,,
pastry,cream cheese,hamburger meat,pork,yogurt,whipped/sour cream,tropical fruit,detergent,pip fruit,bottled water
pip fruit,ice cream,citrus fruit,napkins,bottled water,,,,,
fruit/vegetable juice,bottled water,napkins,,,,,,,
citrus fruit,domestic eggs,,,,,,,,
citrus fruit,newspapers,margarine,,,,,,,
pip fruit,yogurt,pastry,,,,,,,
pip fruit,napkins,pastry,curd,,,,,,
citrus fruit,chicken,,,,,,,,
newspapers,tropical fruit,pastry,brown bread,coffee,butter,fruit/vegetable juice,,,
citrus fruit,pork,yogurt,butter,other vegetables,shopping bags,tropical fruit,,,
yogurt,brown bread,curd,,,,,,,
frozen vegetables,newspapers,other vegetables,,,,,,,
hamburger meat,,,,,,,,,
yogurt,pip fruit,domestic eggs,newspapers,chicken,whipped/sour cream,,,,
margarine,root vegetables,citrus fruit,butter,other vegetables,whipped/sour cream,brown bread,whole milk,chicken,
whipped/sour cream,pastry,newspapers,,,,,,,
margarine,coffee,cream cheese,pork,brown bread,yogurt,pastry,soda,whole milk,
rolls/buns,napkins,detergent,whole milk,other vegetables,,,,,
sausage,margarine,pork,other vegetables,root vegetables,frozen vegetables,whipped/sour cream,detergent,tropical fruit,bottled water
soda,fruit/vegetable juice,citrus fruit,sausage,whole milk,brown bread,shopping bags,hamburger meat,coffee,
napkins,citrus fruit,brown bread,pastry,hamburger meat,,,,,
cream cheese,tropical fruit,sausage,,,,,,,
whole milk,domestic eggs,,,,,,,,
margarine,citrus fruit,ice cream,brown bread,,,,,,
pork,butter,brown bread,domestic eggs,coffee,napkins,,,,
rolls/buns,frozen vegetables,coffee,soda,butter,yogurt,,,,
sausage,pip fruit,whipped/sour cream,whole milk,frozen vegetables,tropical fruit,,,,
sausage,soda,tropical fruit,curd,whipped/sour cream,,,,,
whipped/sour cream,root vegetables,newspapers,soda,napkins,curd,other vegetables,,,
yogurt,ice cream,fruit/vegetable juice,brown bread,domestic eggs,hamburger meat,newspapers,,,
napkins,,,,,,,,,
chicken,root vegetables,butter,detergent,margarine,shopping bags,whole milk,cream cheese,citrus fruit,
curd,,,,,,,,,
yogurt,sausage,,,,,,,,
root vegetables,sausage,whipped/sour cream,soda,newspapers,yogurt,other vegetables,,,
detergent,,,,,,,,,
other vegetables,rolls/buns,root vegetables,domestic eggs,tropical fruit,cream cheese,fruit/vegetable juice,,,
coffee,ice cream,napkins,citrus fruit,newspapers,,,,,
fruit/vegetable juice,cream cheese,whole milk,soda,citrus fruit,ice cream,domestic eggs,curd,,
butter,margarine,whipped/sour cream,citrus fruit,pastry,domestic eggs,yogurt,cream cheese,,
newspapers,pastry,cream cheese,sausage,bottled water,tropical fruit,margarine,whole milk,,
pastry,frozen vegetables,detergent,butter,citrus fruit,,,,,
soda,coffee,tropical fruit,brown bread,detergent,,,,,
coffee,tropical fruit,shopping bags,detergent,whipped/sour cream,margarine,,,,
rolls/buns,,,,,,,,,
tropical fruit,chicken,yogurt,newspapers,pork,rolls/buns,,,,
brown bread,,,,,,,,,
brown bread,whipped/sour cream,pastry,,,,,,,
chicken,,,,,,,,,
bottled water,pip fruit,fruit/vegetable juice,cream cheese,,,,,,
newspapers,ice cream,yogurt,root vegetables,pip fruit,tropical fruit,,,,
yogurt,whole milk,pip fruit,other vegetables,,,,,,
pastry,curd,domestic eggs,newspapers,yogurt,sausage,,,,
whipped/sour cream,whole milk,ice cream,newspapers,frozen vegetables,pastry,,,,
cream cheese,brown bread,,,,,,,,
margarine,citrus fruit,,,,,,,,
sausage,butter,pastry,citrus fruit,cream cheese,napkins,,,,
yogurt,margarine,ice cream,pork,,,,,,
domestic eggs,newspapers,,,,,,,,
bottled water,fruit/vegetable juice,sausage,coffee,yogurt,tropical fruit,domestic eggs,napkins,cream cheese,frozen vegetables
other vegetables,brown bread,tropical fruit,rolls/buns,root vegetables,domestic eggs,bottled water,pastry,ice cream,soda
fruit/vegetable juice,margarine,root vegetables,frozen vegetables,pip fruit,,,,,
coffee,brown bread,other vegetables,tropical fruit,pip fruit,napkins,newspapers,bottled water,chicken,
ice cream,fruit/vegetable juice,newspapers,hamburger meat,napkins,pip fruit,domestic eggs,margarine,other vegetables,
brown bread,newspapers,root vegetables,soda,pork,butter,sausage,rolls/buns,whole milk,
cream cheese,pork,hamburger meat,,,,,,,
ice cream,whipped/sour cream,citrus fruit,root vegetables,pip fruit,,,,,
cream cheese,shopping bags,chicken,pip fruit,frozen vegetables,coffee,other vegetables,newspapers,soda,whole milk
napkins,pastry,bottled water,coffee,hamburger meat,yogurt,newspapers,ice cream,detergent,pip fruit
fruit/vegetable juice,,,,,,,,,
cream cheese,chicken,,,,,,,,
butter,napkins,yogurt,rolls/buns,other vegetables,soda,,,,
whipped/sour cream,frozen vegetables,hamburger meat,tropical fruit,,,,,,
root vegetables,detergent,pastry,rolls/buns,butter,chicken,,,,
napkins,yogurt,other vegetables,citrus fruit,cream cheese,newspapers,whipped/sour cream,fruit/vegetable juice,ice cream,shopping bags
tropical fruit,bottled water,hamburger meat,newspapers,whole milk,pork,root vegetables,butter,frozen vegetables,
other vegetables,soda,whole milk,domestic eggs,citrus fruit,sausage,napkins,chicken,,
shopping bags,citrus fruit,whipped/sour cream,fruit/vegetable juice,rolls/buns,pork,detergent,cream cheese,,
hamburger meat,curd,detergent,tropical fruit,cream cheese,margarine,pip fruit,yogurt,whole milk,
bottled water,fruit/vegetable juice,margarine,chicken,domestic eggs,brown bread,soda,whole milk,,
tropical fruit,cream cheese,rolls/buns,chicken,coffee,detergent,,,,
root vegetables,,,,,,,,,
sausage,rolls/buns,shopping bags,whole milk,whipped/sour cream,margarine,newspapers,pip fruit,ice cream,
newspapers,shopping bags,whipped/sour cream,pip fruit,sausage,soda,napkins,ice cream,bottled water,curd
napkins,pastry,domestic eggs,ice cream,yogurt,margarine,,,,
frozen vegetables,newspapers,shopping bags,brown bread,,,,,,
hamburger meat,bottled water,cream cheese,rolls/buns,pip fruit,other vegetables,fruit/vegetable juice,,,
pip fruit,rolls/buns,hamburger meat,,,,,,,
rolls/buns,pip fruit,newspapers,citrus fruit,tropical fruit,,,,,
napkins,brown bread,tropical fruit,,,,,,,
frozen vegetables,root vegetables,shopping bags,brown bread,ice cream,,,,,
brown bread,rolls/buns,fruit/vegetable juice,cream cheese,pastry,butter,shopping bags,pip fruit,whole milk,coffee
curd,margarine,other vegetables,chicken,butter,cream cheese,soda,bottled water,,
whole milk,pastry,pip fruit,hamburger meat,sausage,,,,,
tropical fruit,,,,,,,,,
shopping bags,hamburger meat,fruit/vegetable juice,whipped/sour cream,curd,yogurt,margarine,bottled water,,
citrus fruit,,,,,,,,,
soda,hamburger meat,cream cheese,,,,,,,
root vegetables,napkins,whipped/sour cream,domestic eggs,pastry,yogurt,sausage,tropical fruit,detergent,
pork,tropical fruit,other vegetables,ice cream,shopping bags,,,,,
soda,newspapers,yogurt,rolls/buns,citrus fruit,pork,,,,
chicken,newspapers,soda,detergent,butter,sausage,,,,
detergent,root vegetables,coffee,hamburger meat,whole milk,,,,,
cream cheese,coffee,yogurt,margarine,other vegetables,pastry,,,,
fruit/vegetable juice,,,,,,,,,
tropical fruit,root vegetables,bottled water,pastry,,,,,,
pip fruit,yogurt,ice cream,fruit/vegetable juice,sausage,,,,,
bottled water,rolls/buns,napkins,pastry,,,,,,
other vegetables,fruit/vegetable juice,rolls/buns,curd,pork,,,,,
tropical fruit,pastry,pork,,,,,,,
pastry,,,,,,,,,
curd,citrus fruit,domestic eggs,soda,coffee,newspapers,margarine,root vegetables,bottled water,cream cheese
frozen vegetables,soda,chicken,,,,,,,
ice cream,coffee,fruit/vegetable juice,soda,shopping bags,pip fruit,whipped/sour cream,,,
yogurt,curd,shopping bags,,,,,,,
soda,cream cheese,brown bread,domestic eggs,,,,,,
detergent,domestic eggs,citrus fruit,coffee,fruit/vegetable juice,hamburger meat,whipped/sour cream,,,
hamburger meat,,,,,,,,,
cream cheese,coffee,brown bread,frozen vegetables,pork,bottled water,,,,
fruit/vegetable juice,coffee,rolls/buns,sausage,chicken,pastry,ice cream,curd,,
cream cheese,tropical fruit,frozen vegetables,yogurt,pork,fruit/vegetable juice,coffee,hamburger meat,ice cream,
domestic eggs,chicken,napkins,sausage,hamburger meat,pork,,,,
sausage,pork,yogurt,curd,butter,frozen vegetables,fruit/vegetable juice,napkins,whole milk,
curd,napkins,bottled water,newspapers,butter,,,,,
pork,newspapers,tropical fruit,citrus fruit,detergent,napkins,pastry,bottled water,yogurt,root vegetables
yogurt,other vegetables,margarine,ice cream,tropical fruit,rolls/buns,,,,
other vegetables,napkins,soda,brown bread,bottled water,yogurt,newspapers,ice cream,,
cream cheese,pip fruit,citrus fruit,pastry,domestic eggs,chicken,root vegetables,,,
whole milk,,,,,,,,,
coffee,pastry,butter,root vegetables,sausage,frozen vegetables,yogurt,ice cream,brown bread,other vegetables
sausage,detergent,domestic eggs,pip fruit,other vegetables,pork,ice cream,whole milk,pastry,rolls/buns
yogurt,hamburger meat,tropical fruit,brown bread,pastry,,,,,
pastry,frozen vegetables,newspapers,whipped/sour cream,detergent,ice cream,curd,brown bread,,
pastry,shopping bags,soda,coffee,napkins,butter,,,,
whipped/sour cream,,,,,,,,,
rolls/buns,coffee,newspapers,yogurt,,,,,,
curd,domestic eggs,pork,pip fruit,,,,,,
chicken,pastry,whipped/sour cream,,,,,,,
domestic eggs,hamburger meat,detergent,shopping bags,,,,,,
ice cream,detergent,chicken,pip fruit,whole milk,fruit/vegetable juice,rolls/buns,curd,newspapers,
curd,,,,,,,,,
ice cream,margarine,whipped/sour cream,brown bread,frozen vegetables,shopping bags,newspapers,yogurt,soda,whole milk
sausage,coffee,bottled water,ice cream,tropical fruit,pip fruit,yogurt,napkins,curd,
pastry,hamburger meat,shopping bags,coffee,chicken,whipped/sour cream,brown bread,napkins,margarine,citrus fruit
fruit/vegetable juice,butter,soda,newspapers,,,,,,
bottled water,rolls/buns,napkins,coffee,whipped/sour cream,ice cream,cream cheese,whole milk,,
sausage,whipped/sour cream,chicken,soda,citrus fruit,,,,,
citrus fruit,pip fruit,root vegetables,frozen vegetables,,,,,,
ice cream,rolls/buns,pork,domestic eggs,napkins,fruit/vegetable juice,,,,
frozen vegetables,coffee,yogurt,butter,ice cream,brown bread,tropical fruit,whole milk,,
butter,ice cream,hamburger meat,rolls/buns,pork,root vegetables,curd,bottled water,cream cheese,napkins
soda,other vegetables,fruit/vegetable juice,,,,,,,
chicken,tropical fruit,ice cream,soda,,,,,,
other vegetables,butter,,,,,,,,
napkins,pastry,detergent,coffee,shopping bags,,,,,
newspapers,napkins,coffee,detergent,curd,pip fruit,whole milk,yogurt,,
newspapers,root vegetables,detergent,yogurt,,,,,,
citrus fruit,root vegetables,margarine,bottled water,other vegetables,pork,pastry,,,
chicken,coffee,sausage,pip fruit,margarine,bottled water,napkins,,,
pip fruit,napkins,coffee,other vegetables,ice cream,detergent,cream cheese,tropical fruit,whole milk,
pork,newspapers,whipped/sour cream,napkins,other vegetables,sausage,curd,root vegetables,tropical fruit,
whipped/sour cream,root vegetables,chicken,sausage,other vegetables,pork,,,,
rolls/buns,chicken,brown bread,newspapers,,,,,,
yogurt,sausage,coffee,butter,chicken,cream cheese,newspapers,,,
coffee,frozen vegetables,chicken,pastry,,,,,,
sausage,,,,,,,,,
margarine,pastry,hamburger meat,ice cream,,,,,,
tropical fruit,coffee,newspapers,hamburger meat,pip fruit,brown bread,butter,root vegetables,,
cream cheese,whipped/sour cream,detergent,citrus fruit,napkins,brown bread,pork,ice cream,,
hamburger meat,pork,whole milk,newspapers,rolls/buns,detergent,,,,
bottled water,pastry,coffee,,,,,,,
yogurt,whipped/sour cream,,,,,,,,
chicken,,,,,,,,,
pastry,,,,,,,,,
curd,butter,pork,detergent,coffee,bottled water,,,,
pip fruit,pork,cream cheese,hamburger meat,newspapers,sausage,fruit/vegetable juice,margarine,soda,
butter,pastry,root vegetables,brown bread,shopping bags,napkins,,,,
yogurt,other vegetables,coffee,pastry,,,,,,
bottled water,pip fruit,chicken,sausage,pork,yogurt,,,,
rolls/buns,ice cream,other vegetables,bottled water,pip fruit,tropical fruit,citrus fruit,whipped/sour cream,cream cheese,hamburger meat
domestic eggs,pip fruit,sausage,bottled water,butter,cream cheese,ice cream,,,
whole milk,fruit/vegetable juice,cream cheese,butter,rolls/buns,hamburger meat,root vegetables,citrus fruit,soda,coffee
pip fruit,other vegetables,curd,frozen vegetables,napkins,whole milk,shopping bags,fruit/vegetable juice,,
fruit/vegetable juice,citrus fruit,rolls/buns,frozen vegetables,margarine,,,,,
frozen vegetables,tropical fruit,butter,domestic eggs,curd,pip fruit,,,,
curd,sausage,pastry,rolls/buns,chicken,newspapers,margarine,frozen vegetables,root vegetables,yogurt
curd,bottled water,ice cream,coffee,sausage,soda,shopping bags,pastry,,
yogurt,pip fruit,soda,detergent,whipped/sour cream,coffee,,,,
domestic eggs,frozen vegetables,pastry,newspapers,rolls/buns,coffee,,,,
soda,tropical fruit,domestic eggs,coffee,,,,,,
frozen vegetables,rolls/buns,domestic eggs,sausage,,,,,,
ice cream,pork,whipped/sour cream,fruit/vegetable juice,domestic eggs,citrus fruit,newspapers,cream cheese,,
whipped/sour cream,newspapers,root vegetables,frozen vegetables,,,,,,
margarine,soda,pork,bottled water,other vegetables,,,,,
pork,napkins,whipped/sour cream,hamburger meat,,,,,,
pastry,root vegetables,whole milk,curd,brown bread,napkins,coffee,whipped/sour cream,tropical fruit,
coffee,butter,fruit/vegetable juice,pip fruit,chicken,,,,,
napkins,pork,margarine,pastry,ice cream,pip fruit,,,,
root vegetables,,,,,,,,,
bottled water,whole milk,margarine,brown bread,coffee,pip fruit,curd,other vegetables,chicken,domestic eggs
coffee,bottled water,,,,,,,,
whipped/sour cream,curd,rolls/buns,other vegetables,brown bread,pork,cream cheese,detergent,citrus fruit,
curd,newspapers,shopping bags,pork,cream cheese,,,,,
curd,,,,,,,,,
hamburger meat,napkins,pork,citrus fruit,yogurt,detergent,,,,
detergent,tropical fruit,hamburger meat,pip fruit,napkins,cream cheese,soda,curd,chicken,shopping bags
newspapers,,,,,,,,,
whipped/sour cream,bottled water,other vegetables,yogurt,domestic eggs,frozen vegetables,hamburger meat,coffee,,
frozen vegetables,root vegetables,pastry,whipped/sour cream,yogurt,sausage,tropical fruit,coffee,,
butter,bottled water,fruit/vegetable juice,ice cream,citrus fruit,rolls/buns,,,,
pork,chicken,shopping bags,sausage,other vegetables,domestic eggs,fruit/vegetable juice,butter,whole milk,curd
brown bread,citrus fruit,chicken,ice cream,,,,,,
coffee,,,,,,,,,
shopping bags,yogurt,fruit/vegetable juice,other vegetables,,,,,,
bottled water,fruit/vegetable juice,cream cheese,rolls/buns,pip fruit,tropical fruit,brown bread,shopping bags,other vegetables,
whipped/sour cream,yogurt,tropical fruit,,,,,,,
bottled water,margarine,other vegetables,rolls/buns,tropical fruit,curd,cream cheese,shopping bags,root vegetables,brown bread
sausage,margarine,hamburger meat,yogurt,tropical fruit,other vegetables,pork,butter,,
yogurt,pip fruit,ice cream,,,,,,,
ice cream,hamburger meat,bottled water,,,,,,,
newspapers,,,,,,,,,
newspapers,ice cream,sausage,yogurt,chicken,fruit/vegetable juice,soda,cream cheese,,
butter,citrus fruit,soda,yogurt,fruit/vegetable juice,curd,,,,
bottled water,citrus fruit,pork,curd,sausage,,,,,
whipped/sour cream,tropical fruit,citrus fruit,curd,hamburger meat,cream cheese,margarine,,,
chicken,curd,soda,napkins,whole milk,,,,,
newspapers,domestic eggs,curd,hamburger meat,pork,bottled water,other vegetables,brown bread,soda,
yogurt,,,,,,,,,
chicken,other vegetables,napkins,butter,soda,hamburger meat,citrus fruit,domestic eggs,,
brown bread,whole milk,citrus fruit,whipped/sour cream,,,,,,
whipped/sour cream,pork,chicken,bottled water,,,,,,
butter,sausage,hamburger meat,pip fruit,,,,,,
whole milk,other vegetables,chicken,soda,pork,,,,,
bottled water,shopping bags,,,,,,,,
bottled water,domestic eggs,pork,whipped/sour cream,napkins,cream cheese,fruit/vegetable juice,,,
citrus fruit,hamburger meat,pip fruit,whipped/sour cream,domestic eggs,,,,,
whole milk,yogurt,domestic eggs,detergent,shopping bags,margarine,curd,soda,,
rolls/buns,yogurt,domestic eggs,margarine,whole milk,,,,,
chicken,other vegetables,ice cream,yogurt,cream cheese,whole milk,brown bread,fruit/vegetable juice,,
hamburger meat,whole milk,root vegetables,,,,,,,
newspapers,margarine,other vegetables,root vegetables,brown bread,detergent,napkins,,,
root vegetables,margarine,sausage,yogurt,napkins,ice cream,,,,
whipped/sour cream,cream cheese,coffee,other vegetables,curd,tropical fruit,chicken,yogurt,fruit/vegetable juice,
napkins,margarine,fruit/vegetable juice,yogurt,coffee,shopping bags,,,,
frozen vegetables,pastry,,,,,,,,
whipped/sour cream,soda,curd,,,,,,,
hamburger meat,,,,,,,,,
detergent,curd,pork,chicken,root vegetables,,,,,
pork,detergent,brown bread,whipped/sour cream,,,,,,
fruit/vegetable juice,pork,citrus fruit,coffee,tropical fruit,sausage,curd,rolls/buns,root vegetables,
tropical fruit,ice cream,shopping bags,whole milk,,,,,,
whole milk,detergent,tropical fruit,root vegetables,chicken,whipped/sour cream,brown bread,bottled water,domestic eggs,hamburger meat
chicken,curd,detergent,butter,frozen vegetables,hamburger meat,newspapers,shopping bags,,
ice cream,curd,coffee,whipped/sour cream,soda,hamburger meat,butter,pastry,newspapers,frozen vegetables
ice cream,domestic eggs,shopping bags,pip fruit,tropical fruit,yogurt,soda,rolls/buns,,
frozen vegetables,margarine,detergent,cream cheese,pastry,rolls/buns,butter,fruit/vegetable juice,,
chicken,yogurt,whipped/sour cream,pip fruit,soda,rolls/buns,brown bread,domestic eggs,shopping bags,
brown bread,curd,yogurt,margarine,pastry,shopping bags,,,,
curd,chicken,hamburger meat,napkins,yogurt,other vegetables,tropical fruit,brown bread,soda,ice cream
pastry,whipped/sour cream,napkins,root vegetables,pork,frozen vegetables,whole milk,margarine,bottled water,
napkins,curd,newspapers,shopping bags,pip fruit,soda,coffee,domestic eggs,,
domestic eggs,rolls/buns,,,,,,,,
tropical fruit,,,,,,,,,
other vegetables,frozen vegetables,pip fruit,hamburger meat,cream cheese,napkins,sausage,,,
domestic eggs,ice cream,chicken,bottled water,butter,citrus fruit,soda,,,
soda,newspapers,root vegetables,,,,,,,
pip fruit,citrus fruit,soda,margarine,whipped/sour cream,,,,,
butter,hamburger meat,yogurt,whipped/sour cream,root vegetables,rolls/buns,citrus fruit,tropical fruit,pip fruit,whole milk
napkins,coffee,,,,,,,,
root vegetables,yogurt,margarine,whipped/sour cream,coffee,chicken,whole milk,butter,tropical fruit,
pork,rolls/buns,sausage,whole milk,domestic eggs,pip fruit,shopping bags,newspapers,curd,coffee
cream cheese,frozen vegetables,fruit/vegetable juice,sausage,pip fruit,tropical fruit,,,,
bottled water,brown bread,pork,shopping bags,,,,,,
chicken,fruit/vegetable juice,margarine,,,,,,,
margarine,other vegetables,whipped/sour cream,cream cheese,,,,,,
tropical fruit,root vegetables,,,,,,,,
curd,pip fruit,domestic eggs,rolls/buns,bottled water,sausage,newspapers,,,
cream cheese,margarine,bottled water,pip fruit,brown bread,fruit/vegetable juice,shopping bags,,,
yogurt,whipped/sour cream,fruit/vegetable juice,other vegetables,detergent,brown bread,,,,
pip fruit,citrus fruit,whipped/sour cream,root vegetables,coffee,frozen vegetables,,,,
shopping bags,frozen vegetables,yogurt,butter,hamburger meat,citrus fruit,rolls/buns,margarine,napkins,
bottled water,,,,,,,,,
napkins,citrus fruit,coffee,pastry,chicken,,,,,
domestic eggs,citrus fruit,bottled water,whipped/sour cream,yogurt,chicken,curd,,,
tropical fruit,domestic eggs,brown bread,butter,,,,,,
chicken,citrus fruit,ice cream,yogurt,cream cheese,curd,,,,
tropical fruit,newspapers,chicken,shopping bags,yogurt,margarine,other vegetables,pastry,frozen vegetables,hamburger meat
root vegetables,napkins,domestic eggs,,,,,,,
curd,sausage,ice cream,rolls/buns,margarine,butter,coffee,root vegetables,detergent,
domestic eggs,coffee,other vegetables,shopping bags,curd,newspapers,fruit/vegetable juice,pip fruit,,
newspapers,whole milk,,,,,,,,
sausage,pip fruit,tropical fruit,chicken,,,,,,
napkins,cream cheese,yogurt,newspapers,ice cream,sausage,domestic eggs,,,
shopping bags,pork,domestic eggs,pastry,citrus fruit,tropical fruit,fruit/vegetable juice,coffee,ice cream,
butter,ice cream,,,,,,,,
other vegetables,sausage,pork,whole milk,root vegetables,domestic eggs,butter,brown bread,curd,shopping bags
soda,curd,pip fruit,pork,other vegetables,ice cream,brown bread,butter,newspapers,
whipped/sour cream,sausage,ice cream,yogurt,coffee,tropical fruit,hamburger meat,napkins,detergent,brown bread
coffee,soda,yogurt,detergent,pastry,fruit/vegetable juice,curd,napkins,,
detergent,napkins,hamburger meat,,,,,,,
curd,domestic eggs,,,,,,,,
root vegetables,,,,,,,,,
ice cream,margarine,cream cheese,domestic eggs,,,,,,
butter,pork,coffee,whipped/sour cream,pip fruit,citrus fruit,whole milk,napkins,cream cheese,
brown bread,citrus fruit,soda,,,,,,,
coffee,domestic eggs,newspapers,butter,,,,,,
bottled water,newspapers,shopping bags,napkins,,,,,,
domestic eggs,hamburger meat,rolls/buns,margarine,root vegetables,citrus fruit,butter,coffee,detergent,chicken
tropical fruit,,,,,,,,,
shopping bags,newspapers,pastry,cream cheese,ice cream,frozen vegetables,root vegetables,,,
soda,tropical fruit,newspapers,domestic eggs,pastry,rolls/buns,butter,pip fruit,,
ice cream,root vegetables,tropical fruit,margarine,,,,,,
margarine,pastry,yogurt,coffee,frozen vegetables,cream cheese,sausage,shopping bags,bottled water,
frozen vegetables,napkins,chicken,whole milk,ice cream,sausage,domestic eggs,,,
brown bread,butter,root vegetables,whole milk,soda,,,,,
pip fruit,hamburger meat,curd,bottled water,whipped/sour cream,other vegetables,shopping bags,tropical fruit,,
other vegetables,brown bread,,,,,,,,
brown bread,bottled water,whole milk,curd,hamburger meat,whipped/sour cream,margarine,napkins,,
pork,whipped/sour cream,yogurt,butter,domestic eggs,rolls/buns,fruit/vegetable juice,,,
soda,detergent,coffee,margarine,newspapers,whole milk,pip fruit,,,
shopping bags,butter,chicken,brown bread,,,,,,
other vegetables,pork,tropical fruit,fruit/vegetable juice,newspapers,sausage,,,,
whole milk,pastry,pip fruit,root vegetables,coffee,rolls/buns,ice cream,domestic eggs,,
soda,,,,,,,,,
frozen vegetables,tropical fruit,,,,,,,,
hamburger meat,whipped/sour cream,coffee,detergent,,,,,,
citrus fruit,shopping bags,newspapers,pip fruit,other vegetables,detergent,whole milk,rolls/buns,cream cheese,curd
fruit/vegetable juice,frozen vegetables,pastry,brown bread,pork,cream cheese,newspapers,domestic eggs,,
newspapers,cream cheese,coffee,bottled water,fruit/vegetable juice,,,,,
sausage,newspapers,rolls/buns,tropical fruit,,,,,,
whole milk,ice cream,frozen vegetables,soda,pastry,hamburger meat,curd,chicken,pip fruit,domestic eggs
rolls/buns,tropical fruit,detergent,ice cream,citrus fruit,whole milk,coffee,cream cheese,napkins,hamburger meat
sausage,tropical fruit,detergent,cream cheese,whipped/sour cream,curd,citrus fruit,,,
tropical fruit,pip fruit,yogurt,,,,,,,
pastry,shopping bags,whipped/sour cream,chicken,,,,,,
tropical fruit,pip fruit,sausage,root vegetables,brown bread,cream cheese,ice cream,soda,,
tropical fruit,yogurt,detergent,root vegetables,,,,,,
citrus fruit,,,,,,,,,
cream cheese,,,,,,,,,
other vegetables,brown bread,citrus fruit,frozen vegetables,napkins,,,,,
pip fruit,pastry,cream cheese,whipped/sour cream,ice cream,bottled water,citrus fruit,detergent,,
tropical fruit,newspapers,shopping bags,,,,,,,
domestic eggs,soda,ice cream,whipped/sour cream,hamburger meat,yogurt,pastry,sausage,,
frozen vegetables,newspapers,hamburger meat,citrus fruit,whipped/sour cream,shopping bags,brown bread,,,
pork,cream cheese,,,,,,,,
citrus fruit,cream cheese,detergent,frozen vegetables,other vegetables,butter,hamburger meat,whole milk,,
curd,whipped/sour cream,,,,,,,,
yogurt,,,,,,,,,
sausage,napkins,whole milk,tropical fruit,cream cheese,ice cream,curd,chicken,pastry,
root vegetables,brown bread,pip fruit,napkins,sausage,ice cream,frozen vegetables,bottled water,other vegetables,
hamburger meat,chicken,,,,,,,,
rolls/buns,pip fruit,,,,,,,,
cream cheese,root vegetables,hamburger meat,pip fruit,,,,,,
soda,domestic eggs,brown bread,whole milk,curd,pastry,,,,
tropical fruit,fruit/vegetable juice,whipped/sour cream,curd,pork,pip fruit,rolls/buns,pastry,other vegetables,citrus fruit
napkins,detergent,,,,,,,,
whole milk,,,,,,,,,
root vegetables,brown bread,pork,,,,,,,
detergent,bottled water,whipped/sour cream,chicken,domestic eggs,,,,,
rolls/buns,soda,domestic eggs,,,,,,,
rolls/buns,pip fruit,ice cream,curd,detergent,yogurt,soda,,,
coffee,frozen vegetables,whole milk,,,,,,,
detergent,pip fruit,curd,whole milk,margarine,domestic eggs,,,,
bottled water,whipped/sour cream,brown bread,,,,,,,
newspapers,soda,whipped/sour cream,sausage,root vegetables,margarine,,,,
hamburger meat,coffee,margarine,domestic eggs,,,,,,
rolls/buns,sausage,pip fruit,pork,,,,,,
bottled water,rolls/buns,shopping bags,hamburger meat,root vegetables,,,,,
pip fruit,domestic eggs,margarine,shopping bags,brown bread,pork,frozen vegetables,root vegetables,,
whole milk,detergent,tropical fruit,newspapers,,,,,,
detergent,,,,,,,,,
butter,yogurt,rolls/buns,margarine,chicken,shopping bags,whole milk,citrus fruit,,
cream cheese,,,,,,,,,
pastry,butter,,,,,,,,
pork,brown bread,pastry,sausage,,,,,,
whipped/sour cream,,,,,,,,,
ice cream,butter,,,,,,,,
chicken,butter,detergent,tropical fruit,root vegetables,domestic eggs,,,,
domestic eggs,newspapers,chicken,shopping bags,rolls/buns,margarine,,,,
butter,soda,,,,,,,,
rolls/buns,brown bread,margarine,napkins,pork,yogurt,newspapers,,,
domestic eggs,fruit/vegetable juice,detergent,cream cheese,napkins,root vegetables,bottled water,coffee,frozen vegetables,pork
butter,domestic eggs,pip fruit,coffee,yogurt,ice cream,pork,,,
shopping bags,whipped/sour cream,pip fruit,newspapers,hamburger meat,soda,domestic eggs,,,
rolls/buns,,,,,,,,,
pip fruit,,,,,,,,,
newspapers,fruit/vegetable juice,hamburger meat,pastry,bottled water,whipped/sour cream,soda,,,
rolls/buns,curd,pork,napkins,tropical fruit,coffee,,,,
tropical fruit,rolls/buns,ice cream,citrus fruit,,,,,,
pastry,coffee,fruit/vegetable juice,frozen vegetables,butter,curd,citrus fruit,pip fruit,detergent,domestic eggs
curd,hamburger meat,domestic eggs,newspapers,,,,,,
whole milk,pork,domestic eggs,,,,,,,
sausage,napkins,,,,,,,,
fruit/vegetable juice,tropical fruit,domestic eggs,butter,root vegetables,cream cheese,brown bread,coffee,chicken,rolls/buns
cream cheese,curd,domestic eggs,fruit/vegetable juice,yogurt,pork,frozen vegetables,,,
chicken,pastry,,,,,,,,
whipped/sour cream,butter,,,,,,,,
pork,shopping bags,citrus fruit,other vegetables,margarine,soda,chicken,frozen vegetables,brown bread,
rolls/buns,root vegetables,brown bread,pork,citrus fruit,ice cream,coffee,chicken,other vegetables,
napkins,chicken,curd,shopping bags,cream cheese,,,,,
domestic eggs,yogurt,pork,,,,,,,
yogurt,other vegetables,butter,,,,,,,
domestic eggs,,,,,,,,,
brown bread,pip fruit,hamburger meat,citrus fruit,butter,rolls/buns,whipped/sour cream,other vegetables,soda,
chicken,hamburger meat,curd,,,,,,,
hamburger meat,,,,,,,,,
domestic eggs,pork,,,,,,,,
citrus fruit,detergent,sausage,rolls/buns,,,,,,
frozen vegetables,curd,cream cheese,,,,,,,
bottled water,whipped/sour cream,curd,rolls/buns,,,,,,
root vegetables,,,,,,,,,
citrus fruit,whipped/sour cream,newspapers,frozen vegetables,,,,,,
rolls/buns,coffee,detergent,margarine,,,,,,
whipped/sour cream,margarine,ice cream,,,,,,,
butter,whole milk,soda,pork,curd,pip fruit,rolls/buns,detergent,,
butter,brown bread,shopping bags,whipped/sour cream,pastry,domestic eggs,other vegetables,,,
root vegetables,pip fruit,,,,,,,,
detergent,butter,bottled water,chicken,domestic eggs,pork,napkins,brown bread,frozen vegetables,coffee
napkins,coffee,rolls/buns,cream cheese,detergent,frozen vegetables,citrus fruit,,,
whole milk,pork,bottled water,butter,,,,,,
margarine,napkins,shopping bags,root vegetables,whole milk,brown bread,,,,
coffee,,,,,,,,,
root vegetables,frozen vegetables,bottled water,domestic eggs,sausage,butter,citrus fruit,fruit/vegetable juice,,
bottled water,hamburger meat,napkins,sausage,brown bread,soda,coffee,,,
other vegetables,bottled water,chicken,ice cream,tropical fruit,napkins,sausage,,,
pastry,domestic eggs,coffee,,,,,,,
sausage,,,,,,,,,
whole milk,sausage,curd,yogurt,brown bread,soda,ice cream,frozen vegetables,bottled water,
citrus fruit,root vegetables,margarine,frozen vegetables,,,,,,
sausage,shopping bags,coffee,newspapers,,,,,,
cream cheese,pastry,detergent,margarine,napkins,pip fruit,sausage,ice cream,newspapers,
rolls/buns,detergent,margarine,domestic eggs,soda,coffee,whole milk,ice cream,,
whipped/sour cream,yogurt,hamburger meat,,,,,,,
whole milk,detergent,hamburger meat,bottled water,butter,brown bread,citrus fruit,whipped/sour cream,yogurt,margarine
pork,pip fruit,brown bread,bottled water,root vegetables,curd,,,,
whole milk,sausage,napkins,citrus fruit,chicken,brown bread,ice cream,domestic eggs,,
brown bread,chicken,root vegetables,yogurt,,,,,,
ice cream,newspapers,rolls/buns,root vegetables,yogurt,,,,,
whole milk,citrus fruit,domestic eggs,whipped/sour cream,other vegetables,root vegetables,detergent,tropical fruit,,
tropical fruit,cream cheese,sausage,other vegetables,brown bread,hamburger meat,bottled water,,,
pip fruit,tropical fruit,chicken,domestic eggs,shopping bags,cream cheese,sausage,,,
pork,ice cream,chicken,coffee,,,,,,
margarine,newspapers,root vegetables,pastry,,,,,,
whipped/sour cream,yogurt,newspapers,pip fruit,soda,coffee,butter,bottled water,frozen vegetables,citrus fruit
curd,yogurt,chicken,margarine,rolls/buns,hamburger meat,citrus fruit,frozen vegetables,pastry,
citrus fruit,butter,bottled water,hamburger meat,fruit/vegetable juice,detergent,rolls/buns,cream cheese,ice cream,pork
other vegetables,chicken,ice cream,detergent,pip fruit,coffee,shopping bags,,,
cream cheese,brown bread,,,,,,,,
cream cheese,domestic eggs,yogurt,napkins,rolls/buns,,,,,
cream cheese,butter,whole milk,newspapers,margarine,rolls/buns,,,,
chicken,shopping bags,bottled water,tropical fruit,citrus fruit,whole milk,butter,yogurt,brown bread,other vegetables
butter,pork,other vegetables,domestic eggs,chicken,napkins,cream cheese,hamburger meat,brown bread,
pip fruit,pork,hamburger meat,fruit/vegetable juice,,,,,,
other vegetables,margarine,coffee,,,,,,,
whipped/sour cream,napkins,root vegetables,domestic eggs,hamburger meat,cream cheese,butter,pastry,yogurt,whole milk
domestic eggs,,,,,,,,,
soda,bottled water,brown bread,sausage,whipped/sour cream,whole milk,shopping bags,fruit/vegetable juice,pork,hamburger meat
fruit/vegetable juice,yogurt,,,,,,,,
whipped/sour cream,pastry,newspapers,napkins,detergent,brown bread,domestic eggs,,,
root vegetables,margarine,sausage,detergent,pastry,citrus fruit,,,,
citrus fruit,pork,butter,pip fruit,,,,,,
root vegetables,sausage,,,,,,,,
whole milk,margarine,,,,,,,,
pastry,margarine,napkins,pork,bottled water,citrus fruit,hamburger meat,pip fruit,tropical fruit,
brown bread,yogurt,whole milk,whipped/sour cream,margarine,,,,,
newspapers,other vegetables,detergent,chicken,margarine,whole milk,,,,
frozen vegetables,citrus fruit,tropical fruit,cream cheese,whole milk,ice cream,coffee,pip fruit,hamburger meat,
citrus fruit,chicken,brown bread,rolls/buns,,,,,,
coffee,fruit/vegetable juice,whole milk,tropical fruit,brown bread,chicken,,,,
other vegetables,,,,,,,,,
margarine,root vegetables,frozen vegetables,detergent,,,,,,
chicken,brown bread,,,,,,,,
frozen vegetables,,,,,,,,,
other vegetables,domestic eggs,citrus fruit,margarine,butter,rolls/buns,,,,
shopping bags,coffee,,,,,,,,
shopping bags,soda,margarine,detergent,pastry,whipped/sour cream,pip fruit,,,
ice cream,tropical fruit,rolls/buns,detergent,pip fruit,root vegetables,,,,
citrus fruit,yogurt,whole milk,frozen vegetables,rolls/buns,shopping bags,detergent,brown bread,newspapers,
napkins,domestic eggs,root vegetables,pip fruit,citrus fruit,rolls/buns,,,,
other vegetables,citrus fruit,bottled water,detergent,,,,,,
domestic eggs,hamburger meat,pastry,whipped/sour cream,bottled water,cream cheese,rolls/buns,pork,frozen vegetables,citrus fruit
detergent,brown bread,pastry,domestic eggs,chicken,butter,coffee,yogurt,frozen vegetables,pork
chicken,pastry,bottled water,napkins,root vegetables,brown bread,rolls/buns,tropical fruit,curd,pork
detergent,shopping bags,butter,coffee,whole milk,bottled water,chicken,,,
yogurt,root vegetables,whole milk,citrus fruit,ice cream,,,,,
rolls/buns,,,,,,,,,
ice cream,shopping bags,coffee,pastry,sausage,frozen vegetables,butter,pork,,
detergent,tropical fruit,butter,pastry,pork,napkins,other vegetables,brown bread,soda,coffee
rolls/buns,yogurt,other vegetables,curd,chicken,soda,coffee,,,
hamburger meat,detergent,other vegetables,cream cheese,whipped/sour cream,frozen vegetables,sausage,curd,pastry,
other vegetables,domestic eggs,butter,fruit/vegetable juice,frozen vegetables,cream cheese,root vegetables,rolls/buns,,
pip fruit,curd,margarine,root vegetables,whole milk,other vegetables,,,,
sausage,newspapers,bottled water,chicken,margarine,pastry,pip fruit,,,
butter,tropical fruit,detergent,pastry,shopping bags,domestic eggs,rolls/buns,,,
whipped/sour cream,bottled water,brown bread,coffee,domestic eggs,citrus fruit,ice cream,hamburger meat,,
brown bread,margarine,pip fruit,pastry,,,,,,
detergent,frozen vegetables,soda,whipped/sour cream,,,,,,
bottled water,sausage,,,,,,,,
soda,root vegetables,domestic eggs,coffee,curd,detergent,other vegetables,cream cheese,newspapers,
tropical fruit,cream cheese,root vegetables,butter,coffee,whipped/sour cream,bottled water,citrus fruit,napkins,
chicken,shopping bags,butter,bottled water,citrus fruit,frozen vegetables,,,,
coffee,hamburger meat,whipped/sour cream,ice cream,napkins,citrus fruit,domestic eggs,fruit/vegetable juice,curd,detergent
domestic eggs,soda,,,,,,,,
detergent,other vegetables,ice cream,pastry,whole milk,brown bread,tropical fruit,frozen vegetables,whipped/sour cream,
coffee,pastry,shopping bags,fruit/vegetable juice,detergent,,,,,
whole milk,detergent,pip fruit,pork,margarine,yogurt,brown bread,cream cheese,ice cream,domestic eggs
yogurt,pork,curd,citrus fruit,chicken,soda,,,,
citrus fruit,rolls/buns,fruit/vegetable juice,sausage,,,,,,
margarine,tropical fruit,pastry,root vegetables,soda,whole milk,,,,
napkins,rolls/buns,newspapers,yogurt,detergent,,,,,
shopping bags,sausage,margarine,root vegetables,pastry,ice cream,,,,
chicken,detergent,hamburger meat,brown bread,,,,,,
bottled water,hamburger meat,frozen vegetables,pip fruit,other vegetables,,,,,
coffee,citrus fruit,hamburger meat,fruit/vegetable juice,,,,,,
pastry,margarine,tropical fruit,root vegetables,,,,,,
chicken,ice cream,tropical fruit,,,,,,,
margarine,,,,,,,,,
chicken,other vegetables,coffee,whole milk,bottled water,brown bread,fruit/vegetable juice,curd,domestic eggs,
whole milk,detergent,citrus fruit,pip fruit,pastry,brown bread,ice cream,pork,,
root vegetables,ice cream,citrus fruit,bottled water,yogurt,,,,,
napkins,margarine,whipped/sour cream,root vegetables,domestic eggs,cream cheese,,,,
pastry,bottled water,curd,yogurt,citrus fruit,pork,,,,
soda,newspapers,cream cheese,bottled water,ice cream,chicken,fruit/vegetable juice,root vegetables,curd,
napkins,pastry,sausage,soda,bottled water,fruit/vegetable juice,pip fruit,rolls/buns,chicken,
detergent,hamburger meat,margarine,brown bread,butter,whipped/sour cream,pork,domestic eggs,,
pastry,detergent,chicken,pip fruit,whole milk,butter,rolls/buns,citrus fruit,root vegetables,ice cream
ice cream,root vegetables,,,,,,,,
whole milk,pork,bottled water,coffee,,,,,,
soda,napkins,,,,,,,,
rolls/buns,margarine,frozen vegetables,fruit/vegetable juice,soda,shopping bags,whipped/sour cream,,,
brown bread,newspapers,ice cream,detergent,other vegetables,sausage,hamburger meat,,,
citrus fruit,margarine,tropical fruit,rolls/buns,,,,,,
rolls/buns,soda,citrus fruit,other vegetables,newspapers,domestic eggs,tropical fruit,,,
bottled water,cream cheese,chicken,hamburger meat,ice cream,frozen vegetables,pip fruit,root vegetables,pork,
sausage,newspapers,soda,coffee,cream cheese,shopping bags,yogurt,bottled water,,
fruit/vegetable juice,domestic eggs,citrus fruit,pip fruit,yogurt,pork,,,,
soda,,,,,,,,,
butter,domestic eggs,,,,,,,,
sausage,shopping bags,curd,pork,,,,,,
chicken,tropical fruit,bottled water,ice cream,coffee,sausage,frozen vegetables,,,
rolls/buns,pip fruit,newspapers,brown bread,curd,butter,,,,
cream cheese,root vegetables,coffee,rolls/buns,butter,pip fruit,,,,
citrus fruit,newspapers,margarine,chicken,sausage,whipped/sour cream,brown bread,pip fruit,soda,
chicken,rolls/buns,pastry,pip fruit,tropical fruit,root vegetables,pork,fruit/vegetable juice,hamburger meat,
frozen vegetables,coffee,soda,butter,napkins,whipped/sour cream,whole milk,pork,,
chicken,bottled water,brown bread,frozen vegetables,whipped/sour cream,hamburger meat,,,,
bottled water,whole milk,margarine,,,,,,,
ice cream,newspapers,butter,napkins,hamburger meat,,,,,
pork,citrus fruit,whipped/sour cream,chicken,brown bread,curd,frozen vegetables,coffee,,
butter,root vegetables,pastry,curd,rolls/buns,other vegetables,whipped/sour cream,,,
hamburger meat,shopping bags,whole milk,detergent,sausage,fruit/vegetable juice,napkins,,,
domestic eggs,citrus fruit,,,,,,,,
coffee,whipped/sour cream,other vegetables,,,,,,,
ice cream,pip fruit,citrus fruit,,,,,,,
yogurt,brown bread,pastry,soda,whipped/sour cream,fruit/vegetable juice,,,,
cream cheese,ice cream,detergent,shopping bags,coffee,fruit/vegetable juice,,,,
rolls/buns,root vegetables,,,,,,,,
detergent,fruit/vegetable juice,bottled water,citrus fruit,root vegetables,whole milk,pip fruit,newspapers,coffee,pastry
whipped/sour cream,,,,,,,,,
butter,bottled water,yogurt,detergent,soda,,,,,
sausage,yogurt,brown bread,,,,,,,
hamburger meat,domestic eggs,pip fruit,tropical fruit,detergent,whole milk,butter,,,
other vegetables,cream cheese,shopping bags,root vegetables,newspapers,frozen vegetables,,,,
margarine,domestic eggs,,,,,,,,
tropical fruit,other vegetables,frozen vegetables,shopping bags,,,,,,
margarine,hamburger meat,shopping bags,pastry,frozen vegetables,root vegetables,sausage,cream cheese,butter,
coffee,other vegetables,margarine,tropical fruit,whole milk,cream cheese,chicken,,,
bottled water,other vegetables,domestic eggs,soda,detergent,butter,root vegetables,newspapers,,
butter,domestic eggs,,,,,,,,
root vegetables,citrus fruit,soda,chicken,shopping bags,frozen vegetables,,,,
cream cheese,sausage,root vegetables,,,,,,,
napkins,chicken,sausage,domestic eggs,root vegetables,ice cream,yogurt,margarine,hamburger meat,
detergent,sausage,bottled water,domestic eggs,cream cheese,chicken,pork,soda,rolls/buns,root vegetables
soda,pastry,frozen vegetables,yogurt,curd,newspapers,napkins,coffee,citrus fruit,
ice cream,,,,,,,,,
sausage,newspapers,soda,napkins,whipped/sour cream,pastry,yogurt,other vegetables,shopping bags,tropical fruit
pip fruit,,,,,,,,,
pip fruit,pork,,,,,,,,
frozen vegetables,curd,other vegetables,sausage,,,,,,
yogurt,detergent,fruit/vegetable juice,pip fruit,coffee,bottled water,cream cheese,,,
frozen vegetables,domestic eggs,cream cheese,ice cream,pip fruit,,,,,
pip fruit,yogurt,cream cheese,margarine,,,,,,
whipped/sour cream,fruit/vegetable juice,hamburger meat,pastry,,,,,,
napkins,domestic eggs,,,,,,,,
fruit/vegetable juice,pork,bottled water,tropical fruit,,,,,,
root vegetables,shopping bags,napkins,brown bread,detergent,chicken,bottled water,pip fruit,frozen vegetables,fruit/vegetable juice
detergent,newspapers,root vegetables,brown bread,pip fruit,whipped/sour cream,,,,
citrus fruit,cream cheese,brown bread,pastry,frozen vegetables,hamburger meat,sausage,pork,,
shopping bags,frozen vegetables,ice cream,whole milk,,,,,,
napkins,rolls/buns,whipped/sour cream,cream cheese,tropical fruit,citrus fruit,brown bread,chicken,,
newspapers,curd,pip fruit,citrus fruit,pastry,napkins,,,,
ice cream,domestic eggs,pastry,napkins,detergent,root vegetables,curd,tropical fruit,,
curd,whole milk,coffee,yogurt,napkins,,,,,
rolls/buns,,,,,,,,,
butter,frozen vegetables,cream cheese,,,,,,,
pork,,,,,,,,,
soda,frozen vegetables,root vegetables,tropical fruit,curd,pip fruit,,,,
shopping bags,frozen vegetables,fruit/vegetable juice,root vegetables,chicken,detergent,pip fruit,whipped/sour cream,rolls/buns,
citrus fruit,rolls/buns,whole milk,soda,other vegetables,sausage,shopping bags,butter,brown bread,detergent
shopping bags,pip fruit,citrus fruit,bottled water,butter,whipped/sour cream,pastry,,,
bottled water,other vegetables,citrus fruit,,,,,,,
margarine,curd,whole milk,cream cheese,domestic eggs,napkins,yogurt,ice cream,detergent,
whole milk,coffee,hamburger meat,brown bread,,,,,,
pork,newspapers,napkins,margarine,sausage,yogurt,tropical fruit,,,
curd,butter,,,,,,,,
butter,pastry,frozen vegetables,chicken,whipped/sour cream,bottled water,yogurt,pip fruit,margarine,
rolls/buns,domestic eggs,butter,hamburger meat,bottled water,tropical fruit,,,,
whipped/sour cream,sausage,hamburger meat,,,,,,,
pip fruit,whipped/sour cream,curd,pastry,,,,,,
soda,cream cheese,fruit/vegetable juice,margarine,sausage,chicken,citrus fruit,tropical fruit,coffee,domestic eggs
brown bread,coffee,napkins,butter,domestic eggs,sausage,ice cream,bottled water,whipped/sour cream,
newspapers,root vegetables,,,,,,,,
coffee,bottled water,,,,,,,,
hamburger meat,coffee,whole milk,frozen vegetables,domestic eggs,yogurt,shopping bags,,,
soda,whipped/sour cream,,,,,,,,
newspapers,soda,sausage,coffee,tropical fruit,pip fruit,pork,root vegetables,bottled water,margarine
domestic eggs,whole milk,newspapers,yogurt,,,,,,
fruit/vegetable juice,citrus fruit,soda,shopping bags,pork,rolls/buns,brown bread,,,
pork,margarine,ice cream,frozen vegetables,soda,chicken,hamburger meat,whole milk,,
coffee,rolls/buns,yogurt,detergent,ice cream,whipped/sour cream,citrus fruit,newspapers,,
pip fruit,,,,,,,,,
coffee,frozen vegetables,root vegetables,brown bread,ice cream,other vegetables,yogurt,detergent,bottled water,whipped/sour cream
pip fruit,cream cheese,brown bread,fruit/vegetable juice,curd,,,,,
shopping bags,,,,,,,,,
rolls/buns,bottled water,frozen vegetables,,,,,,,
pork,brown bread,hamburger meat,newspapers,,,,,,
butter,whole milk,whipped/sour cream,sausage,other vegetables,citrus fruit,curd,chicken,,
whole milk,curd,yogurt,soda,ice cream,brown bread,butter,napkins,coffee,
whole milk,,,,,,,,,
detergent,soda,cream cheese,shopping bags,napkins,other vegetables,rolls/buns,tropical fruit,fruit/vegetable juice,
yogurt,curd,root vegetables,sausage,detergent,,,,,
hamburger meat,rolls/buns,other vegetables,cream cheese,,,,,,
other vegetables,bottled water,,,,,,,,
frozen vegetables,detergent,whipped/sour cream,yogurt,soda,,,,,
pip fruit,root vegetables,fruit/vegetable juice,whipped/sour cream,,,,,,
whole milk,yogurt,ice cream,curd,,,,,,
other vegetables,yogurt,brown bread,,,,,,,
hamburger meat,margarine,rolls/buns,sausage,,,,,,
margarine,cream cheese,pip fruit,soda,hamburger meat,pork,whipped/sour cream,,,
fruit/vegetable juice,whipped/sour cream,soda,root vegetables,domestic eggs,pastry,,,,
domestic eggs,brown bread,pastry,bottled water,napkins,sausage,,,,
other vegetables,fruit/vegetable juice,frozen vegetables,brown bread,,,,,,
tropical fruit,ice cream,pip fruit,,,,,,,
newspapers,root vegetables,whole milk,,,,,,,
tropical fruit,chicken,,,,,,,,
soda,whole milk,margarine,other vegetables,pip fruit,cream cheese,,,,
coffee,,,,,,,,,
yogurt,frozen vegetables,,,,,,,,
butter,,,,,,,,,
newspapers,coffee,margarine,pip fruit,shopping bags,frozen vegetables,root vegetables,,,
root vegetables,,,,,,,,,
hamburger meat,,,,,,,,,
chicken,frozen vegetables,brown bread,citrus fruit,newspapers,coffee,,,,
butter,root vegetables,curd,other vegetables,brown bread,hamburger meat,soda,newspapers,frozen vegetables,tropical fruit
butter,rolls/buns,other vegetables,,,,,,,
ice cream,curd,pastry,,,,,,,
root vegetables,frozen vegetables,hamburger meat,yogurt,,,,,,
other vegetables,brown bread,pork,,,,,,,
sausage,cream cheese,curd,whipped/sour cream,margarine,napkins,,,,
napkins,citrus fruit,coffee,chicken,,,,,,
newspapers,,,,,,,,,
brown bread,ice cream,chicken,yogurt,whole milk,bottled water,napkins,,,
coffee,other vegetables,napkins,chicken,yogurt,detergent,rolls/buns,bottled water,,
butter,fruit/vegetable juice,other vegetables,yogurt,domestic eggs,,,,,
detergent,,,,,,,,,
pip fruit,detergent,whipped/sour cream,shopping bags,citrus fruit,bottled water,,,,
pastry,whipped/sour cream,shopping bags,ice cream,rolls/buns,cream cheese,yogurt,root vegetables,napkins,
chicken,,,,,,,,,
coffee,napkins,rolls/buns,pastry,curd,detergent,margarine,,,
tropical fruit,coffee,whipped/sour cream,,,,,,,
citrus fruit,ice cream,,,,,,,,
domestic eggs,soda,root vegetables,yogurt,fruit/vegetable juice,bottled water,ice cream,sausage,,
yogurt,domestic eggs,bottled water,margarine,coffee,brown bread,pastry,curd,ice cream,hamburger meat
chicken,yogurt,ice cream,margarine,rolls/buns,citrus fruit,,,,
bottled water,pip fruit,tropical fruit,shopping bags,chicken,ice cream,other vegetables,rolls/buns,sausage,detergent
margarine,whole milk,pip fruit,fruit/vegetable juice,coffee,chicken,whipped/sour cream,detergent,bottled water,cream cheese
other vegetables,coffee,,,,,,,,
napkins,pork,margarine,chicken,,,,,,
hamburger meat,napkins,yogurt,shopping bags,tropical fruit,root vegetables,rolls/buns,,,
bottled water,hamburger meat,detergent,,,,,,,
shopping bags,whipped/sour cream,butter,frozen vegetables,soda,rolls/buns,detergent,,,
citrus fruit,,,,,,,,,
napkins,,,,,,,,,
butter,chicken,pork,rolls/buns,root vegetables,bottled water,,,,
yogurt,,,,,,,,,
brown bread,curd,pip fruit,hamburger meat,pork,coffee,soda,whole milk,root vegetables,rolls/buns
hamburger meat,frozen vegetables,bottled water,sausage,other vegetables,whole milk,,,,
whipped/sour cream,whole milk,detergent,napkins,coffee,soda,domestic eggs,other vegetables,,
tropical fruit,soda,,,,,,,,
soda,detergent,rolls/buns,,,,,,,
brown bread,whipped/sour cream,shopping bags,yogurt,curd,cream cheese,bottled water,,,
sausage,,,,,,,,,
citrus fruit,domestic eggs,rolls/buns,yogurt,pip fruit,root vegetables,,,,
coffee,sausage,rolls/buns,margarine,pastry,root vegetables,domestic eggs,butter,shopping bags,
cream cheese,pip fruit,butter,fruit/vegetable juice,curd,pastry,ice cream,,,
detergent,,,,,,,,,
coffee,citrus fruit,newspapers,sausage,chicken,pork,margarine,tropical fruit,root vegetables,
newspapers,root vegetables,ice cream,bottled water,margarine,pip fruit,,,,
frozen vegetables,yogurt,pork,newspapers,pastry,chicken,bottled water,root vegetables,,
soda,,,,,,,,,
hamburger meat,,,,,,,,,
napkins,tropical fruit,ice cream,soda,,,,,,
whole milk,coffee,newspapers,other vegetables,margarine,napkins,,,,
yogurt,pastry,coffee,,,,,,,
coffee,whipped/sour cream,yogurt,,,,,,,
chicken,curd,,,,,,,,
tropical fruit,soda,whole milk,shopping bags,coffee,frozen vegetables,detergent,brown bread,ice cream,yogurt
rolls/buns,pork,,,,,,,,
cream cheese,root vegetables,margarine,hamburger meat,,,,,,
other vegetables,whole milk,margarine,curd,tropical fruit,root vegetables,cream cheese,,,
frozen vegetables,brown bread,butter,,,,,,,
brown bread,pork,pip fruit,cream cheese,whipped/sour cream,chicken,sausage,bottled water,butter,soda
margarine,frozen vegetables,butter,,,,,,,
frozen vegetables,shopping bags,detergent,margarine,,,,,,
cream cheese,pastry,brown bread,shopping bags,pork,napkins,rolls/buns,,,
curd,tropical fruit,shopping bags,frozen vegetables,detergent,cream cheese,,,,
frozen vegetables,soda,pip fruit,ice cream,pork,shopping bags,cream cheese,,,
root vegetables,brown bread,tropical fruit,margarine,chicken,pork,,,,
curd,pork,,,,,,,,
rolls/buns,brown bread,ice cream,other vegetables,,,,,,
whole milk,citrus fruit,yogurt,cream cheese,domestic eggs,pip fruit,coffee,sausage,brown bread,whipped/sour cream
curd,domestic eggs,root vegetables,rolls/buns,brown bread,citrus fruit,ice cream,sausage,chicken,
tropical fruit,root vegetables,shopping bags,fruit/vegetable juice,brown bread,butter,,,,
citrus fruit,napkins,whole milk,pastry,coffee,yogurt,pip fruit,detergent,,
whole milk,root vegetables,cream cheese,whipped/sour cream,sausage,ice cream,tropical fruit,margarine,bottled water,
hamburger meat,margarine,whole milk,butter,sausage,newspapers,,,,
ice cream,newspapers,,,,,,,,
detergent,butter,,,,,,,,
bottled water,,,,,,,,,
margarine,root vegetables,whole milk,other vegetables,rolls/buns,,,,,
pastry,coffee,frozen vegetables,,,,,,,
pip fruit,,,,,,,,,
citrus fruit,,,,,,,,,
cream cheese,domestic eggs,tropical fruit,root vegetables,margarine,fruit/vegetable juice,ice cream,coffee,pork,detergent
yogurt,other vegetables,root vegetables,napkins,whole milk,pork,,,,
coffee,yogurt,pork,domestic eggs,cream cheese,root vegetables,whipped/sour cream,bottled water,,
rolls/buns,shopping bags,,,,,,,,
pork,sausage,cream cheese,domestic eggs,,,,,,
brown bread,butter,margarine,napkins,frozen vegetables,chicken,newspapers,shopping bags,coffee,detergent
yogurt,citrus fruit,brown bread,,,,,,,
soda,margarine,butter,domestic eggs,bottled water,tropical fruit,,,,
pastry,fruit/vegetable juice,whipped/sour cream,frozen vegetables,napkins,,,,,
yogurt,sausage,whipped/sour cream,chicken,citrus fruit,pastry,whole milk,pip fruit,soda,ice cream
fruit/vegetable juice,pork,frozen vegetables,brown bread,hamburger meat,napkins,domestic eggs,whipped/sour cream,curd,
coffee,sausage,pastry,chicken,whole milk,margarine,citrus fruit,butter,,
curd,shopping bags,other vegetables,soda,domestic eggs,whipped/sour cream,cream cheese,citrus fruit,whole milk,
curd,whole milk,margarine,coffee,newspapers,hamburger meat,,,,
fruit/vegetable juice,ice cream,margarine,,,,,,,
hamburger meat,bottled water,sausage,whole milk,pork,detergent,whipped/sour cream,curd,coffee,cream cheese
brown bread,cream cheese,whole milk,frozen vegetables,detergent,,,,,
detergent,,,,,,,,,
margarine,napkins,sausage,other vegetables,,,,,,
napkins,,,,,,,,,
hamburger meat,pork,pastry,curd,sausage,whole milk,citrus fruit,chicken,whipped/sour cream,detergent
root vegetables,rolls/buns,ice cream,chicken,fruit/vegetable juice,detergent,domestic eggs,frozen vegetables,shopping bags,
rolls/buns,napkins,fruit/vegetable juice,hamburger meat,whipped/sour cream,detergent,pip fruit,root vegetables,cream cheese,other vegetables
domestic eggs,frozen vegetables,yogurt,cream cheese,napkins,tropical fruit,newspapers,coffee,curd,bottled water
fruit/vegetable juice,pastry,shopping bags,brown bread,cream cheese,tropical fruit,curd,whole milk,,
shopping bags,pastry,frozen vegetables,chicken,bottled water,other vegetables,ice cream,hamburger meat,napkins,
other vegetables,whole milk,tropical fruit,butter,pastry,pip fruit,detergent,pork,,
napkins,root vegetables,cream cheese,,,,,,,
tropical fruit,curd,cream cheese,margarine,shopping bags,other vegetables,bottled water,yogurt,,
fruit/vegetable juice,cream cheese,newspapers,detergent,brown bread,citrus fruit,coffee,yogurt,,
chicken,fruit/vegetable juice,newspapers,tropical fruit,butter,ice cream,,,,
soda,whole milk,pip fruit,pork,ice cream,tropical fruit,,,,
butter,,,,,,,,,
chicken,hamburger meat,tropical fruit,cream cheese,,,,,,
margarine,sausage,tropical fruit,butter,pork,,,,,
pork,coffee,tropical fruit,shopping bags,newspapers,chicken,root vegetables,bottled water,,
detergent,whipped/sour cream,soda,bottled water,pip fruit,curd,tropical fruit,ice cream,,
ice cream,soda,chicken,napkins,,,,,,
curd,root vegetables,fruit/vegetable juice,pip fruit,detergent,citrus fruit,pork,bottled water,coffee,sausage
whole milk,butter,whipped/sour cream,napkins,fruit/vegetable juice,newspapers,pip fruit,ice cream,coffee,
butter,frozen vegetables,tropical fruit,root vegetables,other vegetables,citrus fruit,bottled water,cream cheese,pastry,brown bread
root vegetables,whole milk,pastry,coffee,frozen vegetables,hamburger meat,,,,
whipped/sour cream,shopping bags,rolls/buns,detergent,hamburger meat,other vegetables,fruit/vegetable juice,citrus fruit,brown bread,
coffee,pastry,napkins,bottled water,margarine,other vegetables,tropical fruit,chicken,,
pastry,frozen vegetables,napkins,root vegetables,brown bread,domestic eggs,pork,,,
curd,pip fruit,napkins,fruit/vegetable juice,whole milk,cream cheese,butter,ice cream,brown bread,rolls/buns
newspapers,,,,,,,,,
soda,newspapers,curd,ice cream,,,,,,
ice cream,curd,other vegetables,whole milk,cream cheese,,,,,
sausage,ice cream,whole milk,pip fruit,newspapers,curd,,,,
curd,whole milk,sausage,pip fruit,cream cheese,fruit/vegetable juice,butter,,,
tropical fruit,rolls/buns,yogurt,sausage,coffee,pip fruit,hamburger meat,,,
soda,bottled water,ice cream,root vegetables,pork,frozen vegetables,margarine,pip fruit,,
rolls/buns,pork,whole milk,coffee,domestic eggs,root vegetables,brown bread,newspapers,detergent,pip fruit
coffee,,,,,,,,,
yogurt,domestic eggs,pip fruit,cream cheese,tropical fruit,pastry,chicken,whipped/sour cream,shopping bags,brown bread
shopping bags,detergent,rolls/buns,citrus fruit,frozen vegetables,whipped/sour cream,other vegetables,,,
hamburger meat,tropical fruit,butter,fruit/vegetable juice,domestic eggs,whole milk,rolls/buns,,,
margarine,other vegetables,,,,,,,,
pork,rolls/buns,curd,shopping bags,yogurt,root vegetables,domestic eggs,butter,,
napkins,butter,root vegetables,,,,,,,
hamburger meat,margarine,other vegetables,,,,,,,
butter,,,,,,,,,
bottled water,butter,detergent,brown bread,citrus fruit,coffee,rolls/buns,other vegetables,,
other vegetables,rolls/buns,newspapers,whipped/sour cream,,,,,,
domestic eggs,shopping bags,,,,,,,,
newspapers,chicken,,,,,,,,
domestic eggs,hamburger meat,pork,napkins,,,,,,
yogurt,ice cream,chicken,napkins,detergent,shopping bags,pastry,coffee,curd,
root vegetables,soda,tropical fruit,brown bread,whole milk,rolls/buns,margarine,pastry,,
soda,cream cheese,newspapers,chicken,,,,,,
ice cream,detergent,root vegetables,cream cheese,,,,,,
brown bread,domestic eggs,whipped/sour cream,cream cheese,,,,,,
coffee,bottled water,,,,,,,,
bottled water,,,,,,,,,
hamburger meat,domestic eggs,pork,,,,,,,
other vegetables,,,,,,,,,
yogurt,whipped/sour cream,curd,pastry,sausage,ice cream,,,,
shopping bags,margarine,cream cheese,soda,chicken,pip fruit,,,,
shopping bags,margarine,coffee,cream cheese,bottled water,soda,,,,
rolls/buns,citrus fruit,soda,newspapers,sausage,whipped/sour cream,,,,
other vegetables,butter,,,,,,,,
butter,pastry,pip fruit,frozen vegetables,yogurt,curd,bottled water,brown bread,newspapers,coffee
sausage,hamburger meat,pip fruit,bottled water,domestic eggs,cream cheese,soda,detergent,fruit/vegetable juice,
domestic eggs,yogurt,margarine,curd,brown bread,ice cream,rolls/buns,napkins,,
cream cheese,tropical fruit,butter,whipped/sour cream,whole milk,rolls/buns,,,,
domestic eggs,rolls/buns,soda,,,,,,,
tropical fruit,ice cream,hamburger meat,newspapers,pastry,shopping bags,butter,domestic eggs,bottled water,root vegetables
pork,pastry,root vegetables,other vegetables,curd,sausage,,,,
whole milk,sausage,bottled water,cream cheese,whipped/sour cream,pastry,curd,yogurt,hamburger meat,root vegetables
detergent,napkins,frozen vegetables,root vegetables,ice cream,,,,,
domestic eggs,sausage,yogurt,,,,,,,
coffee,margarine,butter,sausage,curd,chicken,cream cheese,yogurt,,
root vegetables,ice cream,coffee,tropical fruit,rolls/buns,whole milk,napkins,,,
curd,tropical fruit,detergent,butter,chicken,hamburger meat,frozen vegetables,whipped/sour cream,pip fruit,coffee
sausage,hamburger meat,napkins,pastry,brown bread,whole milk,,,,
yogurt,napkins,brown bread,chicken,rolls/buns,tropical fruit,whipped/sour cream,,,
frozen vegetables,margarine,brown bread,domestic eggs,pork,,,,,
pork,yogurt,ice cream,margarine,curd,detergent,,,,
tropical fruit,root vegetables,hamburger meat,pork,newspapers,citrus fruit,,,,
pork,frozen vegetables,ice cream,soda,,,,,,
shopping bags,napkins,pip fruit,other vegetables,sausage,whole milk,whipped/sour cream,coffee,cream cheese,
margarine,,,,,,,,,
ice cream,detergent,chicken,pork,curd,tropical fruit,frozen vegetables,,,
bottled water,frozen vegetables,,,,,,,,
butter,root vegetables,shopping bags,curd,,,,,,
other vegetables,napkins,butter,brown bread,domestic eggs,detergent,pork,rolls/buns,sausage,whole milk
curd,soda,pastry,pork,shopping bags,domestic eggs,butter,pip fruit,sausage,
butter,rolls/buns,shopping bags,,,,,,,
curd,rolls/buns,pastry,pork,cream cheese,shopping bags,other vegetables,hamburger meat,coffee,pip fruit
cream cheese,,,,,,,,,
newspapers,,,,,,,,,
whole milk,shopping bags,brown bread,,,,,,,
butter,hamburger meat,cream cheese,pip fruit,whole milk,sausage,frozen vegetables,pork,brown bread,margarine
shopping bags,detergent,rolls/buns,pork,napkins,citrus fruit,ice cream,,,
brown bread,soda,tropical fruit,yogurt,,,,,,
pastry,newspapers,curd,,,,,,,
bottled water,sausage,citrus fruit,soda,domestic eggs,chicken,,,,
fruit/vegetable juice,coffee,soda,,,,,,,
detergent,citrus fruit,yogurt,fruit/vegetable juice,domestic eggs,bottled water,shopping bags,coffee,chicken,pork
napkins,newspapers,chicken,curd,whipped/sour cream,tropical fruit,other vegetables,,,
newspapers,pastry,root vegetables,pork,detergent,napkins,,,,
hamburger meat,curd,tropical fruit,,,,,,,
bottled water,hamburger meat,citrus fruit,root vegetables,cream cheese,napkins,fruit/vegetable juice,newspapers,brown bread,whipped/sour cream
domestic eggs,soda,cream cheese,ice cream,fruit/vegetable juice,frozen vegetables,shopping bags,brown bread,margarine,napkins
frozen vegetables,bottled water,cream cheese,pastry,butter,detergent,tropical fruit,,,
shopping bags,,,,,,,,,
soda,sausage,chicken,pastry,yogurt,,,,,
shopping bags,,,,,,,,,
shopping bags,detergent,pip fruit,other vegetables,coffee,pork,brown bread,cream cheese,domestic eggs,
yogurt,root vegetables,tropical fruit,fruit/vegetable juice,,,,,,
rolls/buns,whole milk,pip fruit,newspapers,soda,,,,,
citrus fruit,bottled water,soda,shopping bags,,,,,,
shopping bags,napkins,brown bread,pastry,pip fruit,yogurt,cream cheese,detergent,chicken,
napkins,rolls/buns,pastry,,,,,,,
pork,newspapers,curd,,,,,,,
cream cheese,detergent,domestic eggs,hamburger meat,ice cream,rolls/buns,,,,
rolls/buns,hamburger meat,whipped/sour cream,sausage,other vegetables,,,,,
pastry,detergent,whole milk,fruit/vegetable juice,shopping bags,curd,hamburger meat,root vegetables,other vegetables,
sausage,newspapers,pastry,brown bread,napkins,fruit/vegetable juice,,,,
curd,pip fruit,coffee,frozen vegetables,ice cream,fruit/vegetable juice,shopping bags,chicken,yogurt,sausage
frozen vegetables,pastry,hamburger meat,pip fruit,whipped/sour cream,bottled water,,,,
coffee,tropical fruit,curd,shopping bags,chicken,other vegetables,,,,
napkins,other vegetables,butter,tropical fruit,detergent,pastry,fruit/vegetable juice,hamburger meat,shopping bags,bottled water
chicken,newspapers,ice cream,yogurt,frozen vegetables,curd,pastry,,,
cream cheese,whipped/sour cream,newspapers,soda,curd,pastry,citrus fruit,shopping bags,,
whipped/sour cream,napkins,brown bread,cream cheese,detergent,butter,whole milk,root vegetables,shopping bags,frozen vegetables
bottled water,yogurt,,,,,,,,
tropical fruit,pip fruit,citrus fruit,yogurt,pastry,,,,,
soda,,,,,,,,,
whole milk,curd,ice cream,fruit/vegetable juice,yogurt,,,,,
butter,yogurt,,,,,,,,
tropical fruit,citrus fruit,hamburger meat,whipped/sour cream,detergent,,,,,
tropical fruit,butter,chicken,detergent,curd,pastry,rolls/buns,brown bread,,
rolls/buns,newspapers,yogurt,frozen vegetables,whole milk,,,,,
coffee,rolls/buns,domestic eggs,ice cream,pip fruit,shopping bags,hamburger meat,fruit/vegetable juice,sausage,
sausage,butter,napkins,tropical fruit,other vegetables,bottled water,pork,rolls/buns,yogurt,
curd,whipped/sour cream,shopping bags,margarine,brown bread,newspapers,ice cream,sausage,fruit/vegetable juice,
tropical fruit,,,,,,,,,
shopping bags,whipped/sour cream,hamburger meat,citrus fruit,,,,,,
brown bread,pork,whipped/sour cream,coffee,bottled water,pip fruit,,,,
pork,chicken,cream cheese,sausage,curd,shopping bags,citrus fruit,other vegetables,,
whole milk,,,,,,,,,
domestic eggs,hamburger meat,detergent,soda,tropical fruit,,,,,
pip fruit,hamburger meat,citrus fruit,other vegetables,frozen vegetables,napkins,shopping bags,pastry,soda,margarine
frozen vegetables,curd,detergent,domestic eggs,pastry,shopping bags,,,,
bottled water,butter,yogurt,cream cheese,other vegetables,,,,,
pip fruit,soda,citrus fruit,,,,,,,
napkins,pastry,brown bread,,,,,,,
hamburger meat,,,,,,,,,
pastry,brown bread,chicken,tropical fruit,other vegetables,butter,whipped/sour cream,rolls/buns,,
frozen vegetables,citrus fruit,whole milk,other vegetables,napkins,pastry,,,,
sausage,domestic eggs,,,,,,,,
yogurt,citrus fruit,root vegetables,curd,napkins,fruit/vegetable juice,,,,
bottled water,,,,,,,,,
detergent,pork,napkins,sausage,whole milk,butter,bottled water,,,
brown bread,yogurt,hamburger meat,,,,,,,
yogurt,napkins,coffee,whole milk,soda,fruit/vegetable juice,margarine,pip fruit,frozen vegetables,cream cheese
curd,hamburger meat,tropical fruit,fruit/vegetable juice,whole milk,shopping bags,butter,rolls/buns,,
domestic eggs,sausage,pastry,frozen vegetables,napkins,brown bread,shopping bags,coffee,citrus fruit,rolls/buns
frozen vegetables,butter,whole milk,,,,,,,
citrus fruit,other vegetables,bottled water,fruit/vegetable juice,butter,tropical fruit,,,,
fruit/vegetable juice,,,,,,,,,
pork,pip fruit,frozen vegetables,root vegetables,detergent,bottled water,chicken,butter,shopping bags,margarine
tropical fruit,butter,domestic eggs,cream cheese,ice cream,newspapers,,,,
pastry,napkins,root vegetables,,,,,,,
pork,other vegetables,pip fruit,soda,napkins,coffee,pastry,,,
domestic eggs,butter,frozen vegetables,pip fruit,yogurt,hamburger meat,,,,
other vegetables,,,,,,,,,
bottled water,pip fruit,coffee,sausage,detergent,brown bread,domestic eggs,rolls/buns,chicken,
rolls/buns,ice cream,cream cheese,chicken,,,,,,
pastry,margarine,newspapers,other vegetables,curd,frozen vegetables,whole milk,,,
citrus fruit,coffee,ice cream,pork,pastry,pip fruit,shopping bags,cream cheese,,
rolls/buns,domestic eggs,,,,,,,,
fruit/vegetable juice,tropical fruit,soda,cream cheese,margarine,pip fruit,whipped/sour cream,domestic eggs,hamburger meat,rolls/buns
brown bread,whipped/sour cream,rolls/buns,,,,,,,
cream cheese,domestic eggs,hamburger meat,fruit/vegetable juice,root vegetables,curd,chicken,,,
margarine,shopping bags,root vegetables,whipped/sour cream,,,,,,
shopping bags,frozen vegetables,other vegetables,detergent,,,,,,
chicken,frozen vegetables,ice cream,whipped/sour cream,tropical fruit,sausage,,,,
napkins,whole milk,tropical fruit,cream cheese,root vegetables,,,,,
soda,hamburger meat,sausage,citrus fruit,chicken,domestic eggs,shopping bags,pork,,
sausage,,,,,,,,,
citrus fruit,brown bread,margarine,cream cheese,tropical fruit,,,,,
pastry,coffee,shopping bags,hamburger meat,,,,,,
pastry,other vegetables,detergent,curd,whole milk,tropical fruit,sausage,,,
citrus fruit,brown bread,pip fruit,detergent,whipped/sour cream,,,,,
cream cheese,tropical fruit,curd,,,,,,,
domestic eggs,pork,coffee,whipped/sour cream,rolls/buns,soda,root vegetables,other vegetables,frozen vegetables,tropical fruit
pork,tropical fruit,hamburger meat,fruit/vegetable juice,,,,,,
chicken,pork,pastry,napkins,soda,domestic eggs,root vegetables,,,
ice cream,bottled water,margarine,coffee,rolls/buns,other vegetables,butter,pip fruit,,
detergent,butter,ice cream,,,,,,,
domestic eggs,,,,,,,,,
frozen vegetables,root vegetables,butter,pork,chicken,rolls/buns,whole milk,,,
citrus fruit,curd,butter,napkins,pastry,,,,,
coffee,cream cheese,,,,,,,,
yogurt,frozen vegetables,,,,,,,,
tropical fruit,pork,pip fruit,whipped/sour cream,soda,,,,,
coffee,frozen vegetables,fruit/vegetable juice,detergent,butter,shopping bags,citrus fruit,ice cream,pip fruit,
shopping bags,ice cream,yogurt,whipped/sour cream,pork,domestic eggs,,,,
rolls/buns,other vegetables,pip fruit,napkins,,,,,,
rolls/buns,,,,,,,,,
sausage,,,,,,,,,
root vegetables,curd,brown bread,soda,detergent,shopping bags,fruit/vegetable juice,coffee,tropical fruit,napkins
napkins,,,,,,,,,
root vegetables,pastry,ice cream,detergent,cream cheese,domestic eggs,,,,
other vegetables,newspapers,detergent,,,,,,,
detergent,chicken,pip fruit,ice cream,hamburger meat,shopping bags,margarine,,,
butter,margarine,newspapers,,,,,,,
shopping bags,margarine,whole milk,pip fruit,other vegetables,fruit/vegetable juice,brown bread,domestic eggs,yogurt,
root vegetables,sausage,shopping bags,,,,,,,
yogurt,citrus fruit,hamburger meat,coffee,rolls/buns,,,,,
sausage,butter,coffee,chicken,ice cream,frozen vegetables,whipped/sour cream,tropical fruit,,
ice cream,margarine,citrus fruit,sausage,napkins,pip fruit,butter,root vegetables,,
ice cream,frozen vegetables,,,,,,,,
brown bread,pork,citrus fruit,,,,,,,
soda,fruit/vegetable juice,,,,,,,,
tropical fruit,butter,soda,brown bread,napkins,,,,,
sausage,frozen vegetables,pastry,detergent,whole milk,pork,domestic eggs,hamburger meat,shopping bags,
whipped/sour cream,coffee,sausage,rolls/buns,frozen vegetables,margarine,,,,
curd,citrus fruit,root vegetables,ice cream,,,,,,
whole milk,root vegetables,,,,,,,,
citrus fruit,ice cream,whole milk,newspapers,frozen vegetables,soda,root vegetables,chicken,fruit/vegetable juice,
ice cream,newspapers,pastry,pork,rolls/buns,pip fruit,root vegetables,,,
other vegetables,detergent,root vegetables,coffee,chicken,sausage,tropical fruit,pastry,shopping bags,
hamburger meat,domestic eggs,ice cream,,,,,,,
detergent,,,,,,,,,
frozen vegetables,chicken,hamburger meat,citrus fruit,detergent,pip fruit,sausage,,,
fruit/vegetable juice,butter,whipped/sour cream,root vegetables,,,,,,
detergent,root vegetables,other vegetables,pastry,frozen vegetables,ice cream,newspapers,tropical fruit,bottled water,curd
domestic eggs,pork,pastry,hamburger meat,napkins,,,,,
butter,pastry,soda,napkins,,,,,,
pork,newspapers,frozen vegetables,chicken,margarine,other vegetables,shopping bags,root vegetables,,
pastry,other vegetables,root vegetables,hamburger meat,rolls/buns,,,,,
tropical fruit,frozen vegetables,pastry,whole milk,ice cream,napkins,citrus fruit,domestic eggs,whipped/sour cream,
fruit/vegetable juice,whipped/sour cream,margarine,butter,other vegetables,brown bread,curd,napkins,cream cheese,
whole milk,citrus fruit,hamburger meat,pip fruit,ice cream,curd,detergent,,,
root vegetables,pork,soda,curd,fruit/vegetable juice,coffee,,,,
tropical fruit,,,,,,,,,
pork,curd,sausage,soda,brown bread,chicken,rolls/buns,frozen vegetables,,
coffee,napkins,citrus fruit,pork,tropical fruit,,,,,
detergent,margarine,tropical fruit,,,,,,,
hamburger meat,root vegetables,soda,chicken,domestic eggs,whipped/sour cream,tropical fruit,pip fruit,,
frozen vegetables,,,,,,,,,
margarine,other vegetables,bottled water,whipped/sour cream,soda,domestic eggs,hamburger meat,coffee,whole milk,
rolls/buns,shopping bags,curd,newspapers,pip fruit,sausage,,,,
brown bread,cream cheese,pip fruit,yogurt,fruit/vegetable juice,other vegetables,,,,
pastry,citrus fruit,curd,,,,,,,
whole milk,pastry,,,,,,,,
domestic eggs,chicken,detergent,,,,,,,
whipped/sour cream,sausage,detergent,,,,,,,
root vegetables,,,,,,,,,
rolls/buns,ice cream,,,,,,,,
ice cream,,,,,,,,,
cream cheese,napkins,brown bread,curd,hamburger meat,pip fruit,pastry,bottled water,whole milk,detergent
detergent,bottled water,whole milk,butter,sausage,domestic eggs,newspapers,root vegetables,,
root vegetables,brown bread,hamburger meat,rolls/buns,domestic eggs,margarine,,,,
pastry,whipped/sour cream,ice cream,,,,,,,
cream cheese,pork,whipped/sour cream,bottled water,ice cream,soda,chicken,butter,whole milk,pip fruit
whipped/sour cream,shopping bags,pork,,,,,,,
pip fruit,rolls/buns,napkins,fruit/vegetable juice,curd,frozen vegetables,hamburger meat,other vegetables,cream cheese,
coffee,yogurt,tropical fruit,chicken,brown bread,,,,,
whipped/sour cream,pip fruit,domestic eggs,,,,,,,
fruit/vegetable juice,sausage,ice cream,pastry,shopping bags,newspapers,rolls/buns,root vegetables,tropical fruit,
newspapers,domestic eggs,butter,,,,,,,
whipped/sour cream,domestic eggs,ice cream,,,,,,,
cream cheese,,,,,,,,,
frozen vegetables,,,,,,,,,
pip fruit,detergent,butter,whipped/sour cream,,,,,,
margarine,whole milk,curd,coffee,,,,,,
whipped/sour cream,newspapers,hamburger meat,rolls/buns,,,,,,
butter,ice cream,pip fruit,,,,,,,
bottled water,,,,,,,,,
pip fruit,chicken,ice cream,whole milk,newspapers,pastry,brown bread,rolls/buns,cream cheese,coffee
rolls/buns,,,,,,,,,
rolls/buns,whole milk,frozen vegetables,pip fruit,newspapers,chicken,,,,
butter,hamburger meat,,,,,,,,
shopping bags,margarine,whipped/sour cream,domestic eggs,root vegetables,bottled water,,,,
frozen vegetables,ice cream,brown bread,,,,,,,
sausage,pastry,margarine,yogurt,butter,,,,,
rolls/buns,napkins,whipped/sour cream,whole milk,shopping bags,,,,,
whole milk,chicken,tropical fruit,,,,,,,
pip fruit,brown bread,pastry,whole milk,margarine,frozen vegetables,citrus fruit,butter,soda,shopping bags
newspapers,tropical fruit,cream cheese,,,,,,,
pip fruit,soda,,,,,,,,
pork,whipped/sour cream,newspapers,rolls/buns,yogurt,frozen vegetables,,,,
sausage,pip fruit,detergent,,,,,,,
sausage,frozen vegetables,butter,rolls/buns,other vegetables,fruit/vegetable juice,tropical fruit,soda,ice cream,
tropical fruit,,,,,,,,,
citrus fruit,frozen vegetables,curd,other vegetables,root vegetables,pip fruit,,,,
rolls/buns,pip fruit,citrus fruit,,,,,,,
rolls/buns,brown bread,newspapers,fruit/vegetable juice,ice cream,detergent,hamburger meat,citrus fruit,pip fruit,tropical fruit
curd,cream cheese,tropical fruit,pip fruit,,,,,,
tropical fruit,,,,,,,,,
frozen vegetables,pastry,chicken,butter,rolls/buns,yogurt,root vegetables,whipped/sour cream,whole milk,domestic eggs
newspapers,coffee,root vegetables,other vegetables,pork,,,,,
ice cream,,,,,,,,,
whole milk,other vegetables,bottled water,detergent,napkins,pork,coffee,pip fruit,yogurt,curd
rolls/buns,napkins,,,,,,,,
sausage,rolls/buns,brown bread,,,,,,,
brown bread,napkins,,,,,,,,
chicken,margarine,bottled water,curd,other vegetables,tropical fruit,fruit/vegetable juice,,,
whipped/sour cream,detergent,shopping bags,frozen vegetables,other vegetables,hamburger meat,domestic eggs,pip fruit,,
citrus fruit,,,,,,,,,
soda,cream cheese,pastry,detergent,,,,,,
yogurt,other vegetables,hamburger meat,,,,,,,
margarine,domestic eggs,coffee,detergent,other vegetables,bottled water,,,,
butter,hamburger meat,soda,chicken,yogurt,margarine,tropical fruit,,,
sausage,,,,,,,,,
shopping bags,napkins,bottled water,cream cheese,ice cream,hamburger meat,coffee,,,
shopping bags,newspapers,hamburger meat,domestic eggs,,,,,,
margarine,other vegetables,pip fruit,,,,,,,
hamburger meat,rolls/buns,root vegetables,,,,,,,
citrus fruit,pork,domestic eggs,napkins,frozen vegetables,butter,,,,
yogurt,,,,,,,,,
pastry,whole milk,sausage,ice cream,tropical fruit,coffee,,,,
whole milk,detergent,pork,pastry,napkins,fruit/vegetable juice,curd,bottled water,shopping bags,
other vegetables,soda,butter,hamburger meat,newspapers,root vegetables,pastry,sausage,citrus fruit,margarine
coffee,whipped/sour cream,hamburger meat,chicken,rolls/buns,brown bread,,,,
curd,fruit/vegetable juice,bottled water,domestic eggs,,,,,,
butter,napkins,domestic eggs,pork,whole milk,fruit/vegetable juice,,,,
pork,brown bread,soda,cream cheese,detergent,butter,root vegetables,pip fruit,hamburger meat,
pork,frozen vegetables,citrus fruit,detergent,butter,,,,,
brown bread,sausage,pork,margarine,frozen vegetables,yogurt,pastry,other vegetables,,
yogurt,cream cheese,rolls/buns,soda,ice cream,tropical fruit,butter,detergent,hamburger meat,
pip fruit,,,,,,,,,
cream cheese,citrus fruit,root vegetables,brown bread,fruit/vegetable juice,detergent,,,,
curd,pork,cream cheese,ice cream,whipped/sour cream,brown bread,chicken,detergent,sausage,
rolls/buns,ice cream,bottled water,,,,,,,
yogurt,tropical fruit,pork,detergent,cream cheese,bottled water,pip fruit,rolls/buns,,
curd,citrus fruit,butter,,,,,,,
brown bread,yogurt,pork,margarine,napkins,,,,,
ice cream,frozen vegetables,butter,newspapers,detergent,,,,,
citrus fruit,shopping bags,cream cheese,ice cream,rolls/buns,,,,,
hamburger meat,rolls/buns,,,,,,,,
newspapers,whipped/sour cream,citrus fruit,ice cream,other vegetables,cream cheese,,,,
brown bread,bottled water,tropical fruit,whole milk,domestic eggs,coffee,butter,newspapers,other vegetables,
yogurt,shopping bags,hamburger meat,bottled water,pork,pip fruit,whipped/sour cream,,,
domestic eggs,yogurt,margarine,detergent,other vegetables,shopping bags,,,,
domestic eggs,margarine,,,,,,,,
hamburger meat,margarine,domestic eggs,,,,,,,
pip fruit,ice cream,tropical fruit,other vegetables,,,,,,
margarine,detergent,whipped/sour cream,,,,,,,
pip fruit,domestic eggs,root vegetables,brown bread,citrus fruit,rolls/buns,sausage,shopping bags,soda,
bottled water,,,,,,,,,
whipped/sour cream,chicken,brown bread,detergent,yogurt,whole milk,newspapers,,,
citrus fruit,whipped/sour cream,sausage,frozen vegetables,curd,root vegetables,,,,
napkins,hamburger meat,,,,,,,,
sausage,coffee,,,,,,,,
soda,margarine,chicken,curd,rolls/buns,hamburger meat,other vegetables,yogurt,pastry,whipped/sour cream
chicken,bottled water,cream cheese,citrus fruit,butter,napkins,,,,
hamburger meat,other vegetables,rolls/buns,frozen vegetables,,,,,,
other vegetables,domestic eggs,citrus fruit,frozen vegetables,yogurt,cream cheese,root vegetables,tropical fruit,margarine,sausage
pork,brown bread,hamburger meat,,,,,,,
shopping bags,coffee,newspapers,curd,pastry,rolls/buns,,,,
detergent,newspapers,napkins,brown bread,citrus fruit,cream cheese,whipped/sour cream,,,
coffee,newspapers,soda,bottled water,citrus fruit,pip fruit,shopping bags,other vegetables,hamburger meat,chicken
brown bread,root vegetables,pastry,whipped/sour cream,detergent,domestic eggs,,,,
butter,cream cheese,napkins,pip fruit,pastry,detergent,tropical fruit,yogurt,,
soda,coffee,pip fruit,citrus fruit,detergent,butter,frozen vegetables,pastry,,
domestic eggs,detergent,whole milk,cream cheese,newspapers,shopping bags,,,,
napkins,soda,pastry,curd,margarine,,,,,
other vegetables,napkins,cream cheese,brown bread,fruit/vegetable juice,butter,whole milk,newspapers,,
whipped/sour cream,pork,shopping bags,,,,,,,
newspapers,other vegetables,pip fruit,tropical fruit,soda,,,,,
frozen vegetables,rolls/buns,fruit/vegetable juice,coffee,butter,pastry,yogurt,citrus fruit,,
ice cream,soda,domestic eggs,bottled water,,,,,,
coffee,frozen vegetables,sausage,fruit/vegetable juice,,,,,,
hamburger meat,root vegetables,napkins,pastry,citrus fruit,pork,margarine,brown bread,whipped/sour cream,soda
pork,rolls/buns,tropical fruit,curd,ice cream,detergent,fruit/vegetable juice,frozen vegetables,pip fruit,napkins
fruit/vegetable juice,cream cheese,hamburger meat,other vegetables,soda,,,,,
sausage,brown bread,napkins,soda,ice cream,citrus fruit,,,,
sausage,tropical fruit,root vegetables,shopping bags,fruit/vegetable juice,frozen vegetables,,,,
pip fruit,whipped/sour cream,,,,,,,,
newspapers,coffee,citrus fruit,hamburger meat,,,,,,
soda,rolls/buns,,,,,,,,
sausage,curd,,,,,,,,
shopping bags,domestic eggs,whipped/sour cream,tropical fruit,sausage,rolls/buns,curd,pip fruit,chicken,
shopping bags,whole milk,bottled water,whipped/sour cream,tropical fruit,detergent,,,,
pork,frozen vegetables,,,,,,,,
citrus fruit,bottled water,shopping bags,hamburger meat,pip fruit,margarine,chicken,napkins,,
shopping bags,pastry,brown bread,whipped/sour cream,cream cheese,yogurt,fruit/vegetable juice,,,
ice cream,shopping bags,bottled water,napkins,hamburger meat,other vegetables,,,,
pip fruit,brown bread,shopping bags,coffee,,,,,,
tropical fruit,frozen vegetables,cream cheese,curd,ice cream,citrus fruit,rolls/buns,domestic eggs,hamburger meat,bottled water
citrus fruit,whipped/sour cream,sausage,napkins,yogurt,chicken,domestic eggs,fruit/vegetable juice,root vegetables,
butter,margarine,fruit/vegetable juice,cream cheese,coffee,pastry,sausage,,,
citrus fruit,butter,detergent,fruit/vegetable juice,chicken,,,,,
pork,,,,,,,,,
whole milk,,,,,,,,,
citrus fruit,brown bread,tropical fruit,detergent,,,,,,
cream cheese,citrus fruit,curd,rolls/buns,tropical fruit,root vegetables,margarine,,,
butter,sausage,hamburger meat,,,,,,,
newspapers,butter,tropical fruit,brown bread,cream cheese,,,,,
coffee,rolls/buns,whole milk,root vegetables,,,,,,
domestic eggs,margarine,fruit/vegetable juice,rolls/buns,whole milk,,,,,
margarine,hamburger meat,whipped/sour cream,chicken,yogurt,bottled water,curd,sausage,,
chicken,frozen vegetables,cream cheese,,,,,,,
whole milk,detergent,whipped/sour cream,shopping bags,cream cheese,bottled water,other vegetables,soda,brown bread,
tropical fruit,fruit/vegetable juice,rolls/buns,whole milk,butter,ice cream,bottled water,whipped/sour cream,,
detergent,pastry,coffee,brown bread,margarine,root vegetables,,,,
curd,fruit/vegetable juice,root vegetables,,,,,,,
cream cheese,ice cream,rolls/buns,pork,pip fruit,chicken,,,,
margarine,shopping bags,whole milk,butter,pastry,,,,,
butter,newspapers,,,,,,,,
tropical fruit,margarine,coffee,pastry,pip fruit,,,,,
whole milk,cream cheese,pip fruit,citrus fruit,detergent,,,,,
whipped/sour cream,coffee,margarine,yogurt,citrus fruit,cream cheese,domestic eggs,ice cream,pastry,
pork,frozen vegetables,chicken,domestic eggs,detergent,whole milk,pip fruit,cream cheese,margarine,root vegetables
detergent,,,,,,,,,
cream cheese,ice cream,curd,pastry,citrus fruit,,,,,
rolls/buns,tropical fruit,ice cream,detergent,curd,pork,brown bread,,,
chicken,tropical fruit,ice cream,coffee,hamburger meat,bottled water,napkins,citrus fruit,cream cheese,rolls/buns
napkins,coffee,tropical fruit,butter,chicken,frozen vegetables,ice cream,fruit/vegetable juice,pork,yogurt
domestic eggs,bottled water,pork,root vegetables,,,,,,
whipped/sour cream,shopping bags,hamburger meat,pastry,root vegetables,,,,,
margarine,sausage,detergent,yogurt,whipped/sour cream,napkins,fruit/vegetable juice,coffee,domestic eggs,
curd,chicken,pastry,rolls/buns,cream cheese,sausage,soda,pip fruit,hamburger meat,brown bread
butter,pastry,shopping bags,root vegetables,,,,,,
newspapers,whole milk,domestic eggs,shopping bags,hamburger meat,,,,,
napkins,soda,chicken,fruit/vegetable juice,shopping bags,,,,,
sausage,napkins,yogurt,cream cheese,butter,pip fruit,shopping bags,ice cream,detergent,
margarine,brown bread,,,,,,,,
pip fruit,tropical fruit,butter,sausage,chicken,pastry,root vegetables,fruit/vegetable juice,,
pastry,ice cream,cream cheese,tropical fruit,whole milk,,,,,
butter,pastry,other vegetables,yogurt,tropical fruit,root vegetables,bottled water,cream cheese,whole milk,detergent
brown bread,ice cream,bottled water,,,,,,,
butter,sausage,frozen vegetables,curd,newspapers,whole milk,brown bread,soda,shopping bags,chicken
cream cheese,pastry,newspapers,domestic eggs,hamburger meat,shopping bags,yogurt,frozen vegetables,whipped/sour cream,
shopping bags,hamburger meat,fruit/vegetable juice,pastry,whipped/sour cream,curd,whole milk,pork,tropical fruit,
hamburger meat,ice cream,bottled water,domestic eggs,brown bread,root vegetables,citrus fruit,curd,fruit/vegetable juice,other vegetables
whipped/sour cream,ice cream,other vegetables,domestic eggs,margarine,frozen vegetables,newspapers,tropical fruit,coffee,hamburger meat
whole milk,soda,whipped/sour cream,other vegetables,sausage,napkins,curd,bottled water,,
whipped/sour cream,butter,margarine,pastry,rolls/buns,citrus fruit,ice cream,detergent,other vegetables,
other vegetables,detergent,brown bread,pip fruit,bottled water,,,,,
pip fruit,margarine,whipped/sour cream,hamburger meat,shopping bags,detergent,,,,
sausage,citrus fruit,tropical fruit,cream cheese,detergent,coffee,shopping bags,curd,whipped/sour cream,
hamburger meat,margarine,cream cheese,chicken,tropical fruit,,,,,
frozen vegetables,bottled water,tropical fruit,detergent,other vegetables,napkins,curd,pork,soda,pip fruit
cream cheese,butter,curd,yogurt,shopping bags,pork,frozen vegetables,sausage,domestic eggs,coffee
whole milk,newspapers,pip fruit,rolls/buns,fruit/vegetable juice,whipped/sour cream,soda,chicken,root vegetables,detergent
pip fruit,brown bread,shopping bags,coffee,margarine,tropical fruit,pork,detergent,hamburger meat,
coffee,butter,soda,root vegetables,sausage,curd,cream cheese,rolls/buns,tropical fruit,
detergent,coffee,bottled water,pastry,fruit/vegetable juice,root vegetables,domestic eggs,,,
napkins,curd,butter,brown bread,rolls/buns,domestic eggs,,,,
shopping bags,sausage,curd,ice cream,yogurt,margarine,,,,
coffee,yogurt,curd,bottled water,soda,cream cheese,other vegetables,frozen vegetables,,
soda,other vegetables,whole milk,root vegetables,yogurt,citrus fruit,shopping bags,bottled water,chicken,sausage
rolls/buns,brown bread,pastry,hamburger meat,domestic eggs,shopping bags,sausage,soda,frozen vegetables,whole milk
root vegetables,hamburger meat,frozen vegetables,detergent,newspapers,butter,pork,rolls/buns,bottled water,
tropical fruit,cream cheese,ice cream,butter,bottled water,detergent,yogurt,,,
pip fruit,rolls/buns,citrus fruit,yogurt,,,,,,
rolls/buns,pip fruit,napkins,tropical fruit,bottled water,pastry,fruit/vegetable juice,frozen vegetables,newspapers,domestic eggs
coffee,domestic eggs,pork,yogurt,bottled water,hamburger meat,butter,,,
sausage,margarine,domestic eggs,shopping bags,tropical fruit,cream cheese,pork,detergent,chicken,curd
ice cream,,,,,,,,,
fruit/vegetable juice,other vegetables,root vegetables,butter,,,,,,
fruit/vegetable juice,citrus fruit,tropical fruit,pip fruit,,,,,,
bottled water,ice cream,butter,rolls/buns,coffee,whole milk,,,,
bottled water,yogurt,curd,hamburger meat,domestic eggs,cream cheese,coffee,,,
whipped/sour cream,root vegetables,,,,,,,,
butter,newspapers,other vegetables,curd,whole milk,detergent,,,,
cream cheese,pip fruit,whipped/sour cream,napkins,pastry,curd,,,,
root vegetables,tropical fruit,brown bread,hamburger meat,pastry,,,,,
curd,brown bread,chicken,newspapers,frozen vegetables,rolls/buns,pastry,whipped/sour cream,pork,root vegetables
pork,,,,,,,,,
tropical fruit,whole milk,newspapers,napkins,margarine,domestic eggs,curd,,,
cream cheese,brown bread,bottled water,napkins,shopping bags,curd,rolls/buns,detergent,yogurt,whole milk
rolls/buns,ice cream,other vegetables,napkins,fruit/vegetable juice,,,,,
soda,citrus fruit,pork,coffee,domestic eggs,margarine,ice cream,rolls/buns,chicken,brown bread
detergent,other vegetables,coffee,hamburger meat,pastry,butter,,,,
pip fruit,curd,soda,root vegetables,margarine,shopping bags,,,,
fruit/vegetable juice,,,,,,,,,
pastry,curd,pork,whipped/sour cream,shopping bags,,,,,
soda,fruit/vegetable juice,detergent,napkins,,,,,,
brown bread,pastry,ice cream,curd,chicken,citrus fruit,,,,
shopping bags,tropical fruit,whipped/sour cream,pip fruit,,,,,,
whole milk,pip fruit,cream cheese,,,,,,,
whipped/sour cream,whole milk,pip fruit,soda,other vegetables,cream cheese,yogurt,butter,,
brown bread,rolls/buns,,,,,,,,
butter,chicken,yogurt,pastry,bottled water,whole milk,,,,
tropical fruit,hamburger meat,yogurt,brown bread,pip fruit,root vegetables,,,,
whipped/sour cream,yogurt,curd,butter,citrus fruit,rolls/buns,cream cheese,hamburger meat,,
ice cream,sausage,domestic eggs,butter,pastry,soda,hamburger meat,cream cheese,shopping bags,
curd,,,,,,,,,
frozen vegetables,,,,,,,,,
cream cheese,napkins,curd,bottled water,hamburger meat,,,,,
pastry,ice cream,cream cheese,,,,,,,
other vegetables,cream cheese,fruit/vegetable juice,pip fruit,domestic eggs,,,,,
tropical fruit,brown bread,detergent,newspapers,bottled water,curd,,,,
whipped/sour cream,butter,fruit/vegetable juice,root vegetables,pip fruit,chicken,,,,
butter,root vegetables,yogurt,coffee,detergent,,,,,
soda,brown bread,newspapers,coffee,shopping bags,chicken,hamburger meat,,,
napkins,hamburger meat,shopping bags,whipped/sour cream,margarine,tropical fruit,detergent,coffee,cream cheese,
margarine,hamburger meat,cream cheese,other vegetables,tropical fruit,pip fruit,soda,,,
napkins,root vegetables,domestic eggs,coffee,tropical fruit,bottled water,,,,
soda,shopping bags,brown bread,,,,,,,
domestic eggs,pastry,coffee,brown bread,,,,,,
fruit/vegetable juice,bottled water,pastry,pip fruit,root vegetables,rolls/buns,,,,
bottled water,chicken,shopping bags,sausage,pastry,whole milk,napkins,hamburger meat,cream cheese,detergent
soda,frozen vegetables,margarine,other vegetables,,,,,,
rolls/buns,pork,other vegetables,butter,,,,,,
pork,citrus fruit,,,,,,,,
curd,,,,,,,,,
yogurt,domestic eggs,,,,,,,,
detergent,,,,,,,,,
whipped/sour cream,ice cream,pork,soda,root vegetables,rolls/buns,napkins,,,
whipped/sour cream,coffee,,,,,,,,
frozen vegetables,rolls/buns,pastry,citrus fruit,tropical fruit,soda,,,,
tropical fruit,margarine,,,,,,,,
butter,soda,fruit/vegetable juice,whipped/sour cream,shopping bags,,,,,
tropical fruit,pastry,newspapers,citrus fruit,domestic eggs,coffee,curd,rolls/buns,,
soda,ice cream,chicken,fruit/vegetable juice,,,,,,
detergent,butter,ice cream,margarine,yogurt,sausage,other vegetables,curd,hamburger meat,bottled water
whipped/sour cream,frozen vegetables,domestic eggs,yogurt,curd,,,,,
frozen vegetables,pastry,domestic eggs,chicken,citrus fruit,root vegetables,pip fruit,fruit/vegetable juice,,
cream cheese,bottled water,,,,,,,,
detergent,napkins,domestic eggs,rolls/buns,pork,yogurt,tropical fruit,chicken,sausage,
hamburger meat,tropical fruit,brown bread,chicken,domestic eggs,pastry,pip fruit,citrus fruit,shopping bags,napkins
newspapers,fruit/vegetable juice,whole milk,soda,whipped/sour cream,hamburger meat,rolls/buns,detergent,other vegetables,
pastry,soda,margarine,coffee,yogurt,bottled water,citrus fruit,brown bread,other vegetables,
yogurt,,,,,,,,,
chicken,detergent,butter,sausage,root vegetables,,,,,
root vegetables,yogurt,curd,citrus fruit,soda,napkins,,,,
cream cheese,soda,pastry,curd,pip fruit,root vegetables,whole milk,napkins,,
napkins,root vegetables,hamburger meat,detergent,,,,,,
pork,citrus fruit,pastry,cream cheese,rolls/buns,hamburger meat,whole milk,soda,,
tropical fruit,other vegetables,soda,cream cheese,citrus fruit,rolls/buns,pip fruit,pastry,coffee,sausage
hamburger meat,detergent,whole milk,,,,,,,
whole milk,coffee,,,,,,,,
newspapers,,,,,,,,,
soda,chicken,coffee,brown bread,sausage,butter,pip fruit,,,
root vegetables,coffee,hamburger meat,soda,brown bread,whipped/sour cream,fruit/vegetable juice,,,
chicken,domestic eggs,margarine,cream cheese,fruit/vegetable juice,pork,tropical fruit,ice cream,bottled water,
root vegetables,pip fruit,rolls/buns,pork,shopping bags,,,,,
napkins,chicken,bottled water,pip fruit,ice cream,,,,,
brown bread,whole milk,,,,,,,,
whole milk,root vegetables,curd,domestic eggs,coffee,rolls/buns,pip fruit,pastry,chicken,
whipped/sour cream,margarine,hamburger meat,frozen vegetables,napkins,,,,,
whipped/sour cream,curd,other vegetables,,,,,,,
sausage,brown bread,pork,napkins,domestic eggs,cream cheese,margarine,citrus fruit,frozen vegetables,pastry
pastry,yogurt,detergent,other vegetables,tropical fruit,pork,soda,chicken,frozen vegetables,
soda,detergent,whipped/sour cream,cream cheese,sausage,,,,,
detergent,other vegetables,rolls/buns,whole milk,,,,,,
fruit/vegetable juice,frozen vegetables,chicken,whole milk,ice cream,,,,,
yogurt,,,,,,,,,
butter,coffee,,,,,,,,
pork,tropical fruit,pastry,frozen vegetables,cream cheese,soda,root vegetables,bottled water,margarine,detergent
citrus fruit,margarine,brown bread,whipped/sour cream,cream cheese,bottled water,chicken,sausage,whole milk,
root vegetables,detergent,shopping bags,rolls/buns,,,,,,
cream cheese,,,,,,,,,
pip fruit,cream cheese,shopping bags,soda,,,,,,
cream cheese,,,,,,,,,
pip fruit,napkins,coffee,yogurt,ice cream,sausage,shopping bags,domestic eggs,hamburger meat,
pip fruit,pastry,chicken,fruit/vegetable juice,butter,,,,,
whole milk,pastry,butter,bottled water,brown bread,pip fruit,hamburger meat,domestic eggs,ice cream,margarine
yogurt,coffee,citrus fruit,shopping bags,pastry,pip fruit,,,,
chicken,domestic eggs,hamburger meat,butter,cream cheese,citrus fruit,coffee,pastry,detergent,
sausage,tropical fruit,citrus fruit,detergent,butter,domestic eggs,yogurt,,,
root vegetables,butter,domestic eggs,sausage,cream cheese,rolls/buns,ice cream,newspapers,shopping bags,
detergent,bottled water,butter,hamburger meat,pip fruit,yogurt,sausage,whole milk,,
other vegetables,shopping bags,whole milk,pip fruit,curd,coffee,root vegetables,butter,newspapers,
sausage,,,,,,,,,
detergent,soda,sausage,,,,,,,
margarine,frozen vegetables,ice cream,napkins,domestic eggs,pork,curd,tropical fruit,shopping bags,
fruit/vegetable juice,pork,bottled water,hamburger meat,,,,,,
pastry,shopping bags,curd,chicken,newspapers,soda,brown bread,whipped/sour cream,other vegetables,hamburger meat
other vegetables,napkins,frozen vegetables,,,,,,,
whole milk,pastry,soda,ice cream,pork,newspapers,frozen vegetables,hamburger meat,brown bread,
chicken,curd,whipped/sour cream,brown bread,rolls/buns,,,,,
margarine,hamburger meat,detergent,cream cheese,bottled water,soda,whipped/sour cream,tropical fruit,,
napkins,,,,,,,,,
rolls/buns,whipped/sour cream,whole milk,butter,fruit/vegetable juice,newspapers,hamburger meat,pip fruit,,
sausage,newspapers,whole milk,cream cheese,fruit/vegetable juice,,,,,
bottled water,curd,pip fruit,brown bread,,,,,,
rolls/buns,whole milk,pastry,whipped/sour cream,coffee,tropical fruit,ice cream,soda,napkins,bottled water
whipped/sour cream,bottled water,ice cream,fruit/vegetable juice,butter,domestic eggs,tropical fruit,frozen vegetables,rolls/buns,pastry
butter,newspapers,bottled water,coffee,margarine,tropical fruit,,,,
tropical fruit,,,,,,,,,
whole milk,pork,frozen vegetables,rolls/buns,hamburger meat,root vegetables,,,,
coffee,pastry,pork,whole milk,ice cream,other vegetables,,,,
root vegetables,coffee,sausage,tropical fruit,chicken,soda,pork,,,
root vegetables,tropical fruit,bottled water,chicken,,,,,,
root vegetables,whipped/sour cream,,,,,,,,
tropical fruit,shopping bags,whipped/sour cream,newspapers,other vegetables,butter,fruit/vegetable juice,whole milk,napkins,detergent
yogurt,ice cream,whole milk,shopping bags,margarine,brown bread,whipped/sour cream,fruit/vegetable juice,,
sausage,pork,detergent,pastry,bottled water,hamburger meat,coffee,butter,cream cheese,shopping bags
cream cheese,brown bread,fruit/vegetable juice,shopping bags,domestic eggs,butter,sausage,margarine,napkins,
margarine,frozen vegetables,root vegetables,fruit/vegetable juice,ice cream,shopping bags,,,,
whole milk,domestic eggs,bottled water,rolls/buns,pastry,tropical fruit,pork,detergent,,
napkins,tropical fruit,whipped/sour cream,,,,,,,
cream cheese,pip fruit,detergent,napkins,newspapers,domestic eggs,chicken,pork,sausage,margarine
bottled water,whipped/sour cream,hamburger meat,ice cream,,,,,,
curd,citrus fruit,rolls/buns,whipped/sour cream,bottled water,napkins,,,,
sausage,curd,margarine,domestic eggs,tropical fruit,citrus fruit,bottled water,ice cream,root vegetables,
cream cheese,domestic eggs,root vegetables,pip fruit,fruit/vegetable juice,shopping bags,margarine,brown bread,frozen vegetables,
butter,citrus fruit,newspapers,ice cream,,,,,,
rolls/buns,margarine,sausage,,,,,,,
domestic eggs,ice cream,whipped/sour cream,curd,coffee,napkins,frozen vegetables,yogurt,shopping bags,soda
root vegetables,domestic eggs,whole milk,other vegetables,coffee,pip fruit,,,,
brown bread,tropical fruit,hamburger meat,newspapers,napkins,citrus fruit,chicken,butter,detergent,
fruit/vegetable juice,,,,,,,,,
curd,whole milk,,,,,,,,
fruit/vegetable juice,sausage,whipped/sour cream,hamburger meat,,,,,,
tropical fruit,domestic eggs,whipped/sour cream,pastry,fruit/vegetable juice,yogurt,,,,
whole milk,margarine,domestic eggs,rolls/buns,curd,,,,,
rolls/buns,coffee,brown bread,frozen vegetables,,,,,,
hamburger meat,napkins,,,,,,,,
ice cream,cream cheese,newspapers,rolls/buns,napkins,margarine,,,,
yogurt,shopping bags,tropical fruit,curd,pip fruit,sausage,other vegetables,,,
whole milk,shopping bags,,,,,,,,
hamburger meat,citrus fruit,domestic eggs,pip fruit,,,,,,
shopping bags,hamburger meat,cream cheese,pip fruit,tropical fruit,citrus fruit,,,,
cream cheese,root vegetables,,,,,,,,
bottled water,rolls/buns,pip fruit,brown bread,domestic eggs,whipped/sour cream,,,,
frozen vegetables,root vegetables,coffee,,,,,,,
brown bread,hamburger meat,fruit/vegetable juice,,,,,,,
tropical fruit,root vegetables,chicken,pork,newspapers,shopping bags,ice cream,,,
pastry,,,,,,,,,
butter,domestic eggs,frozen vegetables,pastry,,,,,,
pastry,fruit/vegetable juice,shopping bags,detergent,butter,margarine,pork,yogurt,pip fruit,
rolls/buns,whole milk,detergent,yogurt,domestic eggs,butter,pip fruit,,,
napkins,hamburger meat,citrus fruit,,,,,,,
ice cream,hamburger meat,,,,,,,,
other vegetables,margarine,frozen vegetables,sausage,pork,brown bread,hamburger meat,bottled water,rolls/buns,
newspapers,brown bread,other vegetables,coffee,bottled water,chicken,margarine,frozen vegetables,,
frozen vegetables,citrus fruit,,,,,,,,
chicken,coffee,citrus fruit,hamburger meat,other vegetables,root vegetables,napkins,,,
whole milk,napkins,whipped/sour cream,pip fruit,yogurt,sausage,newspapers,margarine,,
frozen vegetables,curd,other vegetables,pastry,rolls/buns,coffee,bottled water,sausage,,
brown bread,coffee,margarine,pip fruit,pastry,frozen vegetables,root vegetables,,,
rolls/buns,,,,,,,,,
citrus fruit,pastry,other vegetables,yogurt,napkins,,,,,
sausage,fruit/vegetable juice,newspapers,bottled water,coffee,pastry,root vegetables,whipped/sour cream,,
hamburger meat,yogurt,ice cream,sausage,butter,coffee,tropical fruit,other vegetables,,
shopping bags,detergent,root vegetables,hamburger meat,,,,,,
curd,,,,,,,,,
detergent,fruit/vegetable juice,domestic eggs,root vegetables,ice cream,rolls/buns,coffee,,,
domestic eggs,whole milk,other vegetables,cream cheese,hamburger meat,butter,pork,,,
yogurt,chicken,coffee,curd,cream cheese,newspapers,tropical fruit,domestic eggs,pip fruit,hamburger meat
shopping bags,bottled water,pip fruit,fruit/vegetable juice,,,,,,
whipped/sour cream,newspapers,fruit/vegetable juice,ice cream,other vegetables,tropical fruit,,,,
rolls/buns,fruit/vegetable juice,shopping bags,,,,,,,
other vegetables,fruit/vegetable juice,margarine,pastry,pip fruit,curd,coffee,root vegetables,,
coffee,fruit/vegetable juice,detergent,cream cheese,hamburger meat,pastry,whipped/sour cream,whole milk,newspapers,frozen vegetables
yogurt,sausage,detergent,,,,,,,
detergent,,,,,,,,,
whipped/sour cream,napkins,shopping bags,root vegetables,newspapers,sausage,pork,butter,,
hamburger meat,,,,,,,,,
pip fruit,ice cream,pastry,pork,,,,,,
chicken,pastry,other vegetables,pork,yogurt,sausage,root vegetables,,,
cream cheese,brown bread,ice cream,root vegetables,frozen vegetables,other vegetables,detergent,shopping bags,bottled water,pip fruit
pastry,,,,,,,,,
whipped/sour cream,,,,,,,,,
pastry,detergent,brown bread,margarine,shopping bags,,,,,
newspapers,,,,,,,,,
soda,domestic eggs,butter,whipped/sour cream,other vegetables,rolls/buns,pastry,shopping bags,napkins,curd
sausage,yogurt,chicken,napkins,bottled water,curd,whipped/sour cream,brown bread,,
sausage,cream cheese,root vegetables,,,,,,,
bottled water,whipped/sour cream,pastry,shopping bags,,,,,,
soda,butter,other vegetables,rolls/buns,frozen vegetables,cream cheese,bottled water,,,
tropical fruit,frozen vegetables,butter,margarine,root vegetables,bottled water,coffee,chicken,,
ice cream,pastry,sausage,coffee,soda,whole milk,curd,,,
cream cheese,,,,,,,,,
hamburger meat,,,,,,,,,
whipped/sour cream,citrus fruit,cream cheese,curd,fruit/vegetable juice,domestic eggs,pip fruit,sausage,whole milk,chicken
curd,pastry,butter,bottled water,whole milk,cream cheese,fruit/vegetable juice,newspapers,rolls/buns,hamburger meat
citrus fruit,root vegetables,cream cheese,sausage,yogurt,newspapers,domestic eggs,,,
root vegetables,napkins,shopping bags,chicken,,,,,,
napkins,rolls/buns,detergent,frozen vegetables,fruit/vegetable juice,butter,pork,soda,margarine,
bottled water,root vegetables,rolls/buns,,,,,,,
bottled water,sausage,detergent,ice cream,root vegetables,,,,,
brown bread,curd,newspapers,rolls/buns,tropical fruit,whipped/sour cream,coffee,yogurt,butter,
pip fruit,shopping bags,yogurt,citrus fruit,soda,napkins,butter,root vegetables,,
shopping bags,sausage,soda,bottled water,ice cream,detergent,fruit/vegetable juice,,,
hamburger meat,napkins,cream cheese,ice cream,,,,,,
tropical fruit,,,,,,,,,
chicken,sausage,whipped/sour cream,curd,soda,shopping bags,root vegetables,ice cream,,
napkins,chicken,bottled water,,,,,,,
coffee,root vegetables,whipped/sour cream,sausage,tropical fruit,yogurt,curd,napkins,domestic eggs,
cream cheese,other vegetables,ice cream,pastry,citrus fruit,curd,napkins,,,
rolls/buns,ice cream,pip fruit,tropical fruit,domestic eggs,whipped/sour cream,pastry,napkins,coffee,
brown bread,pip fruit,ice cream,bottled water,margarine,,,,,
frozen vegetables,fruit/vegetable juice,sausage,,,,,,,
whole milk,yogurt,,,,,,,,
yogurt,newspapers,citrus fruit,other vegetables,root vegetables,,,,,
root vegetables,pastry,napkins,margarine,coffee,citrus fruit,pip fruit,newspapers,,
whipped/sour cream,brown bread,margarine,bottled water,curd,ice cream,domestic eggs,newspapers,butter,coffee
curd,yogurt,rolls/buns,shopping bags,napkins,pork,bottled water,domestic eggs,soda,
pip fruit,other vegetables,citrus fruit,sausage,napkins,butter,rolls/buns,coffee,newspapers,bottled water
hamburger meat,napkins,,,,,,,,
bottled water,whipped/sour cream,shopping bags,whole milk,ice cream,domestic eggs,,,,
newspapers,shopping bags,soda,cream cheese,brown bread,bottled water,other vegetables,ice cream,tropical fruit,sausage
brown bread,chicken,whipped/sour cream,yogurt,pip fruit,citrus fruit,,,,
pork,ice cream,domestic eggs,frozen vegetables,brown bread,hamburger meat,soda,,,
ice cream,soda,sausage,yogurt,hamburger meat,curd,fruit/vegetable juice,,,
brown bread,hamburger meat,margarine,frozen vegetables,yogurt,,,,,
domestic eggs,citrus fruit,,,,,,,,
brown bread,butter,pork,detergent,,,,,,
tropical fruit,yogurt,shopping bags,bottled water,ice cream,pork,citrus fruit,butter,soda,newspapers
fruit/vegetable juice,root vegetables,butter,frozen vegetables,pastry,pork,yogurt,rolls/buns,brown bread,
butter,sausage,,,,,,,,
detergent,soda,shopping bags,,,,,,,
pork,margarine,shopping bags,rolls/buns,whipped/sour cream,whole milk,,,,
domestic eggs,butter,margarine,root vegetables,detergent,napkins,curd,citrus fruit,coffee,
rolls/buns,whipped/sour cream,detergent,other vegetables,bottled water,whole milk,,,,
sausage,detergent,coffee,,,,,,,
detergent,curd,shopping bags,citrus fruit,pastry,,,,,
butter,newspapers,ice cream,rolls/buns,brown bread,shopping bags,pip fruit,chicken,whipped/sour cream,yogurt
chicken,,,,,,,,,
frozen vegetables,butter,whole milk,domestic eggs,detergent,citrus fruit,,,,
chicken,rolls/buns,yogurt,butter,,,,,,
whipped/sour cream,,,,,,,,,
tropical fruit,cream cheese,yogurt,hamburger meat,brown bread,detergent,,,,
napkins,brown bread,other vegetables,detergent,cream cheese,citrus fruit,domestic eggs,yogurt,,
bottled water,shopping bags,butter,,,,,,,
tropical fruit,hamburger meat,fruit/vegetable juice,,,,,,,
other vegetables,hamburger meat,margarine,bottled water,root vegetables,curd,newspapers,coffee,,
hamburger meat,,,,,,,,,
tropical fruit,butter,hamburger meat,pip fruit,chicken,whole milk,fruit/vegetable juice,bottled water,citrus fruit,
citrus fruit,newspapers,hamburger meat,butter,pastry,domestic eggs,other vegetables,fruit/vegetable juice,,
soda,brown bread,napkins,yogurt,newspapers,domestic eggs,rolls/buns,tropical fruit,,
shopping bags,pork,soda,napkins,frozen vegetables,other vegetables,hamburger meat,,,
curd,,,,,,,,,
tropical fruit,whole milk,pip fruit,cream cheese,yogurt,,,,,
frozen vegetables,coffee,rolls/buns,pip fruit,,,,,,
pastry,newspapers,tropical fruit,bottled water,brown bread,domestic eggs,,,,
rolls/buns,domestic eggs,brown bread,napkins,,,,,,
ice cream,soda,whipped/sour cream,,,,,,,
fruit/vegetable juice,rolls/buns,citrus fruit,detergent,,,,,,
yogurt,citrus fruit,rolls/buns,pastry,ice cream,shopping bags,detergent,,,
fruit/vegetable juice,whole milk,,,,,,,,
chicken,newspapers,butter,curd,hamburger meat,ice cream,,,,
curd,whipped/sour cream,rolls/buns,newspapers,hamburger meat,other vegetables,,,,
detergent,cream cheese,pastry,domestic eggs,brown bread,butter,coffee,hamburger meat,,
cream cheese,root vegetables,frozen vegetables,newspapers,pastry,domestic eggs,,,,
newspapers,domestic eggs,shopping bags,napkins,margarine,pork,pastry,sausage,,
tropical fruit,rolls/buns,citrus fruit,pip fruit,butter,,,,,
other vegetables,whipped/sour cream,,,,,,,,
margarine,domestic eggs,hamburger meat,pork,bottled water,shopping bags,ice cream,citrus fruit,,
whipped/sour cream,citrus fruit,detergent,sausage,shopping bags,,,,,
yogurt,frozen vegetables,,,,,,,,
rolls/buns,brown bread,chicken,citrus fruit,tropical fruit,pork,margarine,,,
root vegetables,butter,brown bread,frozen vegetables,cream cheese,citrus fruit,curd,pork,napkins,
pastry,,,,,,,,,
fruit/vegetable juice,curd,hamburger meat,cream cheese,,,,,,
root vegetables,frozen vegetables,,,,,,,,
domestic eggs,pip fruit,butter,newspapers,,,,,,
whole milk,bottled water,brown bread,citrus fruit,tropical fruit,butter,chicken,,,
brown bread,newspapers,butter,other vegetables,sausage,rolls/buns,pip fruit,chicken,tropical fruit,fruit/vegetable juice
root vegetables,whipped/sour cream,tropical fruit,shopping bags,citrus fruit,curd,,,,
shopping bags,butter,detergent,domestic eggs,ice cream,curd,whole milk,root vegetables,,
fruit/vegetable juice,butter,bottled water,newspapers,,,,,,
sausage,detergent,,,,,,,,
margarine,,,,,,,,,
hamburger meat,tropical fruit,,,,,,,,
soda,root vegetables,detergent,pastry,,,,,,
root vegetables,brown bread,shopping bags,,,,,,,
pastry,detergent,pork,napkins,margarine,butter,fruit/vegetable juice,,,
bottled water,pork,newspapers,rolls/buns,whole milk,,,,,
soda,yogurt,whole milk,pastry,other vegetables,whipped/sour cream,bottled water,curd,tropical fruit,napkins
pip fruit,tropical fruit,yogurt,cream cheese,bottled water,whole milk,,,,
frozen vegetables,,,,,,,,,
other vegetables,pork,shopping bags,root vegetables,,,,,,
fruit/vegetable juice,hamburger meat,pork,whole milk,sausage,,,,,
pork,,,,,,,,,
chicken,brown bread,hamburger meat,citrus fruit,whipped/sour cream,,,,,
rolls/buns,,,,,,,,,
brown bread,yogurt,ice cream,detergent,cream cheese,root vegetables,,,,
rolls/buns,yogurt,,,,,,,,
sausage,margarine,other vegetables,tropical fruit,pip fruit,citrus fruit,whole milk,bottled water,domestic eggs,
sausage,domestic eggs,chicken,coffee,,,,,,
citrus fruit,cream cheese,,,,,,,,
pastry,chicken,domestic eggs,whipped/sour cream,,,,,,
other vegetables,root vegetables,chicken,pork,hamburger meat,pastry,cream cheese,whipped/sour cream,frozen vegetables,pip fruit
newspapers,frozen vegetables,cream cheese,detergent,sausage,margarine,,,,
pip fruit,citrus fruit,bottled water,,,,,,,
rolls/buns,domestic eggs,margarine,newspapers,other vegetables,shopping bags,frozen vegetables,chicken,,
pip fruit,citrus fruit,fruit/vegetable juice,cream cheese,curd,root vegetables,newspapers,,,
pip fruit,whole milk,butter,rolls/buns,soda,yogurt,,,,
shopping bags,hamburger meat,sausage,butter,,,,,,
frozen vegetables,curd,margarine,napkins,,,,,,
tropical fruit,whole milk,fruit/vegetable juice,cream cheese,yogurt,whipped/sour cream,bottled water,brown bread,shopping bags,soda
root vegetables,sausage,pastry,citrus fruit,bottled water,pip fruit,margarine,,,
whipped/sour cream,curd,butter,tropical fruit,pip fruit,sausage,other vegetables,bottled water,,
pastry,shopping bags,,,,,,,,
fruit/vegetable juice,hamburger meat,pip fruit,tropical fruit,napkins,brown bread,other vegetables,,,
newspapers,detergent,pork,sausage,,,,,,
bottled water,butter,pastry,cream cheese,other vegetables,hamburger meat,rolls/buns,,,
ice cream,pip fruit,frozen vegetables,butter,bottled water,tropical fruit,soda,,,
ice cream,hamburger meat,cream cheese,pastry,other vegetables,,,,,
newspapers,hamburger meat,,,,,,,,
hamburger meat,pork,frozen vegetables,coffee,whole milk,ice cream,rolls/buns,,,
hamburger meat,,,,,,,,,
coffee,butter,yogurt,pork,,,,,,
root vegetables,whipped/sour cream,butter,whole milk,,,,,,
sausage,whipped/sour cream,,,,,,,,
margarine,pastry,napkins,coffee,tropical fruit,rolls/buns,pip fruit,domestic eggs,,
domestic eggs,bottled water,root vegetables,shopping bags,pip fruit,pastry,,,,
bottled water,curd,pastry,,,,,,,
whipped/sour cream,rolls/buns,napkins,newspapers,,,,,,
cream cheese,pastry,tropical fruit,frozen vegetables,coffee,root vegetables,margarine,butter,,
bottled water,whipped/sour cream,root vegetables,pork,,,,,,
curd,,,,,,,,,
chicken,domestic eggs,curd,,,,,,,
fruit/vegetable juice,pip fruit,sausage,detergent,domestic eggs,chicken,other vegetables,napkins,,
ice cream,newspapers,chicken,whipped/sour cream,coffee,soda,domestic eggs,,,
fruit/vegetable juice,margarine,ice cream,,,,,,,
tropical fruit,detergent,butter,curd,chicken,soda,domestic eggs,,,
ice cream,shopping bags,pastry,frozen vegetables,fruit/vegetable juice,soda,coffee,,,
pork,,,,,,,,,
root vegetables,brown bread,margarine,rolls/buns,fruit/vegetable juice,,,,,
ice cream,chicken,rolls/buns,soda,whole milk,,,,,
shopping bags,curd,chicken,tropical fruit,,,,,,
pastry,whole milk,frozen vegetables,newspapers,,,,,,
coffee,bottled water,sausage,pork,pip fruit,shopping bags,butter,,,
pip fruit,whipped/sour cream,cream cheese,chicken,citrus fruit,bottled water,,,,
whipped/sour cream,domestic eggs,detergent,rolls/buns,root vegetables,citrus fruit,pork,napkins,,
cream cheese,whole milk,hamburger meat,,,,,,,
shopping bags,sausage,brown bread,ice cream,pork,coffee,pastry,,,
other vegetables,,,,,,,,,
brown bread,curd,butter,whipped/sour cream,,,,,,
whipped/sour cream,ice cream,butter,pastry,curd,margarine,soda,rolls/buns,cream cheese,
root vegetables,ice cream,domestic eggs,hamburger meat,other vegetables,yogurt,citrus fruit,,,
pip fruit,napkins,,,,,,,,
pork,chicken,fruit/vegetable juice,yogurt,soda,hamburger meat,brown bread,curd,,
whipped/sour cream,butter,curd,bottled water,coffee,,,,,
chicken,,,,,,,,,
citrus fruit,ice cream,bottled water,whole milk,butter,chicken,pork,fruit/vegetable juice,cream cheese,
root vegetables,domestic eggs,hamburger meat,brown bread,pork,,,,,
pip fruit,shopping bags,newspapers,root vegetables,yogurt,pork,detergent,butter,tropical fruit,soda
pip fruit,hamburger meat,fruit/vegetable juice,shopping bags,newspapers,coffee,pork,other vegetables,pastry,
yogurt,fruit/vegetable juice,citrus fruit,bottled water,ice cream,,,,,
detergent,rolls/buns,pastry,newspapers,,,,,,
brown bread,margarine,rolls/buns,pork,cream cheese,ice cream,hamburger meat,whole milk,,
whipped/sour cream,whole milk,pork,sausage,coffee,frozen vegetables,brown bread,curd,pastry,
pork,,,,,,,,,
soda,fruit/vegetable juice,pip fruit,whipped/sour cream,other vegetables,cream cheese,,,,
chicken,bottled water,other vegetables,yogurt,,,,,,
pastry,rolls/buns,napkins,chicken,,,,,,
bottled water,detergent,margarine,fruit/vegetable juice,ice cream,shopping bags,,,,
tropical fruit,coffee,,,,,,,,
pastry,sausage,whipped/sour cream,tropical fruit,cream cheese,brown bread,pork,,,
butter,rolls/buns,frozen vegetables,sausage,root vegetables,brown bread,coffee,,,
bottled water,root vegetables,pip fruit,sausage,curd,coffee,whole milk,,,
chicken,citrus fruit,,,,,,,,
domestic eggs,pastry,margarine,pork,rolls/buns,soda,bottled water,coffee,,
other vegetables,whole milk,brown bread,coffee,shopping bags,fruit/vegetable juice,hamburger meat,margarine,napkins,whipped/sour cream
frozen vegetables,rolls/buns,fruit/vegetable juice,domestic eggs,soda,ice cream,chicken,coffee,margarine,other vegetables
cream cheese,,,,,,,,,
citrus fruit,pip fruit,margarine,soda,tropical fruit,bottled water,,,,
domestic eggs,,,,,,,,,
shopping bags,newspapers,napkins,rolls/buns,chicken,brown bread,pip fruit,fruit/vegetable juice,citrus fruit,
root vegetables,citrus fruit,soda,newspapers,sausage,pastry,ice cream,margarine,butter,
shopping bags,chicken,citrus fruit,coffee,rolls/buns,brown bread,,,,
pork,pip fruit,fruit/vegetable juice,pastry,,,,,,
citrus fruit,whipped/sour cream,whole milk,detergent,yogurt,brown bread,pastry,butter,napkins,
soda,pip fruit,hamburger meat,fruit/vegetable juice,ice cream,napkins,newspapers,curd,shopping bags,margarine
bottled water,citrus fruit,chicken,sausage,yogurt,pip fruit,whipped/sour cream,,,
margarine,other vegetables,whipped/sour cream,fruit/vegetable juice,soda,ice cream,domestic eggs,,,
pork,detergent,fruit/vegetable juice,sausage,other vegetables,domestic eggs,whole milk,bottled water,citrus fruit,hamburger meat
napkins,bottled water,soda,butter,ice cream,frozen vegetables,citrus fruit,pip fruit,,
chicken,curd,ice cream,sausage,coffee,whipped/sour cream,root vegetables,,,
curd,chicken,fruit/vegetable juice,cream cheese,whole milk,napkins,margarine,shopping bags,,
whipped/sour cream,pork,,,,,,,,
hamburger meat,,,,,,,,,
pip fruit,napkins,whole milk,shopping bags,pastry,tropical fruit,sausage,margarine,brown bread,pork
ice cream,butter,soda,frozen vegetables,citrus fruit,newspapers,pastry,shopping bags,cream cheese,
bottled water,,,,,,,,,
napkins,sausage,shopping bags,fruit/vegetable juice,butter,pastry,coffee,curd,other vegetables,bottled water
coffee,,,,,,,,,
soda,sausage,napkins,,,,,,,
detergent,pork,hamburger meat,,,,,,,
rolls/buns,fruit/vegetable juice,pork,curd,shopping bags,coffee,brown bread,newspapers,bottled water,detergent
root vegetables,sausage,shopping bags,soda,coffee,margarine,ice cream,chicken,citrus fruit,
root vegetables,,,,,,,,,
whole milk,newspapers,root vegetables,whipped/sour cream,,,,,,
bottled water,hamburger meat,newspapers,pip fruit,napkins,brown bread,sausage,curd,,
sausage,chicken,citrus fruit,pip fruit,margarine,brown bread,rolls/buns,domestic eggs,whipped/sour cream,fruit/vegetable juice
yogurt,pip fruit,detergent,cream cheese,,,,,,
domestic eggs,hamburger meat,bottled water,pastry,napkins,fruit/vegetable juice,pork,,,
curd,tropical fruit,hamburger meat,newspapers,ice cream,napkins,butter,soda,coffee,
other vegetables,coffee,brown bread,yogurt,napkins,margarine,newspapers,frozen vegetables,,
detergent,fruit/vegetable juice,whole milk,pastry,tropical fruit,rolls/buns,,,,
sausage,newspapers,yogurt,fruit/vegetable juice,,,,,,
other vegetables,chicken,pork,fruit/vegetable juice,pip fruit,,,,,
frozen vegetables,curd,napkins,butter,chicken,,,,,
hamburger meat,newspapers,tropical fruit,citrus fruit,pip fruit,,,,,
coffee,root vegetables,soda,curd,yogurt,hamburger meat,butter,,,
pork,rolls/buns,citrus fruit,whole milk,,,,,,
cream cheese,shopping bags,whipped/sour cream,fruit/vegetable juice,rolls/buns,soda,citrus fruit,detergent,curd,
cream cheese,fruit/vegetable juice,whipped/sour cream,newspapers,detergent,,,,,
frozen vegetables,ice cream,newspapers,yogurt,chicken,pip fruit,whole milk,,,
pastry,sausage,,,,,,,,
shopping bags,frozen vegetables,soda,curd,detergent,pork,coffee,,,
ice cream,hamburger meat,domestic eggs,coffee,margarine,napkins,bottled water,other vegetables,frozen vegetables,
domestic eggs,frozen vegetables,butter,bottled water,fruit/vegetable juice,curd,soda,whole milk,coffee,
ice cream,root vegetables,margarine,brown bread,frozen vegetables,domestic eggs,tropical fruit,whipped/sour cream,whole milk,pastry
pip fruit,soda,rolls/buns,newspapers,napkins,domestic eggs,brown bread,,,
rolls/buns,pork,domestic eggs,ice cream,other vegetables,tropical fruit,whipped/sour cream,,,
whipped/sour cream,pork,pastry,napkins,brown bread,hamburger meat,sausage,cream cheese,,
yogurt,cream cheese,pork,,,,,,,
detergent,hamburger meat,sausage,shopping bags,,,,,,
chicken,citrus fruit,tropical fruit,yogurt,margarine,ice cream,newspapers,coffee,soda,
cream cheese,,,,,,,,,
yogurt,soda,chicken,,,,,,,
sausage,pork,domestic eggs,brown bread,,,,,,
bottled water,,,,,,,,,
rolls/buns,yogurt,pastry,butter,chicken,hamburger meat,,,,
pip fruit,sausage,detergent,root vegetables,newspapers,citrus fruit,,,,
other vegetables,bottled water,coffee,whole milk,pastry,margarine,cream cheese,napkins,domestic eggs,
margarine,newspapers,napkins,chicken,yogurt,citrus fruit,frozen vegetables,shopping bags,whole milk,tropical fruit
soda,cream cheese,brown bread,curd,chicken,margarine,bottled water,,,
tropical fruit,,,,,,,,,
detergent,domestic eggs,pip fruit,other vegetables,bottled water,coffee,cream cheese,,,
frozen vegetables,coffee,,,,,,,,
root vegetables,whipped/sour cream,domestic eggs,pork,rolls/buns,sausage,butter,newspapers,brown bread,
root vegetables,,,,,,,,,
hamburger meat,rolls/buns,whole milk,sausage,ice cream,root vegetables,whipped/sour cream,brown bread,,
ice cream,chicken,sausage,detergent,domestic eggs,root vegetables,,,,
napkins,margarine,,,,,,,,
citrus fruit,,,,,,,,,
domestic eggs,curd,detergent,brown bread,bottled water,root vegetables,butter,frozen vegetables,cream cheese,
whole milk,other vegetables,pork,tropical fruit,chicken,rolls/buns,root vegetables,curd,,
whipped/sour cream,rolls/buns,pastry,margarine,cream cheese,,,,,
yogurt,citrus fruit,brown bread,newspapers,rolls/buns,hamburger meat,,,,
tropical fruit,,,,,,,,,
newspapers,coffee,napkins,yogurt,,,,,,
ice cream,napkins,whipped/sour cream,chicken,root vegetables,,,,,
chicken,yogurt,,,,,,,,
napkins,pastry,curd,rolls/buns,detergent,,,,,
other vegetables,,,,,,,,,
pip fruit,napkins,pork,,,,,,,
tropical fruit,hamburger meat,coffee,,,,,,,
frozen vegetables,newspapers,,,,,,,,
newspapers,,,,,,,,,
tropical fruit,margarine,hamburger meat,pip fruit,sausage,ice cream,cream cheese,pork,frozen vegetables,
newspapers,yogurt,root vegetables,fruit/vegetable juice,ice cream,cream cheese,pastry,tropical fruit,,
citrus fruit,root vegetables,whipped/sour cream,detergent,coffee,butter,other vegetables,,,
domestic eggs,,,,,,,,,
butter,bottled water,whipped/sour cream,cream cheese,,,,,,
other vegetables,,,,,,,,,
margarine,,,,,,,,,
fruit/vegetable juice,frozen vegetables,butter,curd,brown bread,other vegetables,napkins,domestic eggs,,
frozen vegetables,coffee,sausage,curd,napkins,,,,,
rolls/buns,soda,root vegetables,pork,butter,whipped/sour cream,curd,newspapers,domestic eggs,brown bread
fruit/vegetable juice,chicken,napkins,,,,,,,
butter,coffee,domestic eggs,curd,root vegetables,pastry,detergent,hamburger meat,margarine,
butter,shopping bags,margarine,napkins,newspapers,pork,frozen vegetables,detergent,sausage,
coffee,whipped/sour cream,rolls/buns,,,,,,,
ice cream,newspapers,hamburger meat,domestic eggs,fruit/vegetable juice,,,,,
pip fruit,frozen vegetables,bottled water,rolls/buns,,,,,,
rolls/buns,coffee,detergent,shopping bags,hamburger meat,sausage,other vegetables,,,
other vegetables,pork,,,,,,,,
chicken,brown bread,newspapers,rolls/buns,ice cream,cream cheese,soda,yogurt,margarine,
citrus fruit,root vegetables,pastry,ice cream,pork,pip fruit,curd,,,
pastry,coffee,detergent,curd,domestic eggs,,,,,
frozen vegetables,,,,,,,,,
newspapers,bottled water,citrus fruit,rolls/buns,domestic eggs,curd,butter,frozen vegetables,napkins,
newspapers,tropical fruit,curd,coffee,butter,pastry,,,,
domestic eggs,shopping bags,yogurt,soda,brown bread,,,,,
domestic eggs,coffee,newspapers,,,,,,,
brown bread,whole milk,pastry,yogurt,sausage,tropical fruit,chicken,,,
ice cream,butter,sausage,fruit/vegetable juice,,,,,,
brown bread,coffee,other vegetables,cream cheese,pastry,,,,,
bottled water,detergent,pork,coffee,newspapers,frozen vegetables,,,,
whole milk,,,,,,,,,
shopping bags,curd,citrus fruit,,,,,,,
root vegetables,shopping bags,yogurt,soda,,,,,,
rolls/buns,other vegetables,,,,,,,,
detergent,pastry,hamburger meat,ice cream,sausage,newspapers,margarine,coffee,soda,tropical fruit
tropical fruit,pastry,curd,frozen vegetables,other vegetables,,,,,
root vegetables,yogurt,shopping bags,cream cheese,fruit/vegetable juice,whipped/sour cream,brown bread,other vegetables,,
pastry,,,,,,,,,
frozen vegetables,bottled water,pork,whole milk,detergent,ice cream,citrus fruit,pip fruit,cream cheese,
pastry,whipped/sour cream,,,,,,,,
cream cheese,butter,,,,,,,,
yogurt,brown bread,frozen vegetables,,,,,,,
domestic eggs,cream cheese,brown bread,rolls/buns,margarine,whipped/sour cream,other vegetables,shopping bags,butter,citrus fruit
frozen vegetables,pork,coffee,brown bread,cream cheese,root vegetables,,,,
citrus fruit,shopping bags,root vegetables,pip fruit,detergent,cream cheese,brown bread,tropical fruit,,
detergent,domestic eggs,butter,root vegetables,ice cream,whipped/sour cream,margarine,napkins,whole milk,coffee
ice cream,rolls/buns,brown bread,frozen vegetables,chicken,citrus fruit,whipped/sour cream,pork,hamburger meat,bottled water
pastry,cream cheese,ice cream,bottled water,coffee,fruit/vegetable juice,frozen vegetables,,,
newspapers,chicken,ice cream,pastry,brown bread,coffee,pip fruit,shopping bags,citrus fruit,pork
bottled water,rolls/buns,,,,,,,,
napkins,sausage,coffee,,,,,,,
pork,whole milk,soda,frozen vegetables,ice cream,sausage,newspapers,shopping bags,curd,
fruit/vegetable juice,rolls/buns,napkins,pip fruit,pork,tropical fruit,curd,,,
root vegetables,citrus fruit,soda,brown bread,detergent,chicken,napkins,hamburger meat,cream cheese,fruit/vegetable juice
root vegetables,other vegetables,yogurt,citrus fruit,whole milk,pork,,,,
hamburger meat,butter,root vegetables,chicken,whipped/sour cream,detergent,coffee,pastry,fruit/vegetable juice,
brown bread,hamburger meat,bottled water,coffee,pip fruit,pork,,,,
whole milk,frozen vegetables,pip fruit,newspapers,chicken,ice cream,fruit/vegetable juice,brown bread,,
hamburger meat,pastry,coffee,whipped/sour cream,newspapers,root vegetables,detergent,bottled water,,
margarine,,,,,,,,,
chicken,margarine,domestic eggs,root vegetables,pork,bottled water,whipped/sour cream,cream cheese,,
chicken,,,,,,,,,
tropical fruit,,,,,,,,,
rolls/buns,brown bread,butter,bottled water,napkins,,,,,
other vegetables,sausage,curd,pork,hamburger meat,whole milk,domestic eggs,,,
whipped/sour cream,soda,hamburger meat,,,,,,,
newspapers,ice cream,cream cheese,,,,,,,
domestic eggs,,,,,,,,,
yogurt,whipped/sour cream,citrus fruit,napkins,,,,,,
margarine,tropical fruit,pastry,citrus fruit,,,,,,
other vegetables,fruit/vegetable juice,pip fruit,hamburger meat,shopping bags,soda,citrus fruit,,,
cream cheese,butter,other vegetables,whipped/sour cream,coffee,soda,,,,
napkins,,,,,,,,,
detergent,bottled water,ice cream,chicken,domestic eggs,coffee,shopping bags,rolls/buns,napkins,tropical fruit
butter,,,,,,,,,
whole milk,pork,detergent,hamburger meat,pip fruit,brown bread,,,,
brown bread,other vegetables,rolls/buns,,,,,,,
whole milk,newspapers,butter,pastry,other vegetables,chicken,ice cream,citrus fruit,tropical fruit,coffee
domestic eggs,sausage,citrus fruit,brown bread,,,,,,
citrus fruit,detergent,coffee,ice cream,fruit/vegetable juice,soda,pip fruit,sausage,frozen vegetables,
brown bread,fruit/vegetable juice,newspapers,frozen vegetables,ice cream,soda,detergent,,,
whole milk,ice cream,soda,,,,,,,
yogurt,rolls/buns,pork,napkins,coffee,,,,,
pork,pip fruit,curd,,,,,,,
napkins,yogurt,brown bread,frozen vegetables,hamburger meat,fruit/vegetable juice,,,,
whole milk,cream cheese,pastry,frozen vegetables,,,,,,
chicken,fruit/vegetable juice,bottled water,rolls/buns,,,,,,
tropical fruit,curd,pastry,yogurt,soda,napkins,,,,
curd,margarine,coffee,root vegetables,rolls/buns,frozen vegetables,fruit/vegetable juice,domestic eggs,,
coffee,whipped/sour cream,sausage,pork,pip fruit,,,,,
whipped/sour cream,newspapers,ice cream,root vegetables,citrus fruit,hamburger meat,fruit/vegetable juice,other vegetables,,
brown bread,cream cheese,citrus fruit,other vegetables,hamburger meat,detergent,chicken,,,
fruit/vegetable juice,whole milk,,,,,,,,
whipped/sour cream,rolls/buns,root vegetables,brown bread,hamburger meat,ice cream,shopping bags,sausage,,
citrus fruit,yogurt,pork,,,,,,,
cream cheese,yogurt,pastry,hamburger meat,curd,,,,,
whole milk,yogurt,whipped/sour cream,rolls/buns,hamburger meat,ice cream,sausage,pork,soda,
root vegetables,frozen vegetables,detergent,napkins,ice cream,bottled water,coffee,pip fruit,,
chicken,rolls/buns,bottled water,yogurt,pip fruit,detergent,shopping bags,whipped/sour cream,fruit/vegetable juice,
hamburger meat,detergent,napkins,fruit/vegetable juice,other vegetables,yogurt,coffee,,,
root vegetables,sausage,citrus fruit,margarine,cream cheese,whole milk,curd,other vegetables,,
butter,pork,curd,,,,,,,
cream cheese,ice cream,shopping bags,rolls/buns,root vegetables,yogurt,sausage,whole milk,,
other vegetables,domestic eggs,detergent,margarine,coffee,whole milk,chicken,,,
pip fruit,margarine,pastry,ice cream,citrus fruit,detergent,yogurt,fruit/vegetable juice,whole milk,
domestic eggs,ice cream,other vegetables,pork,tropical fruit,coffee,,,,
margarine,pip fruit,yogurt,curd,cream cheese,,,,,
bottled water,soda,hamburger meat,,,,,,,
other vegetables,rolls/buns,domestic eggs,,,,,,,
hamburger meat,ice cream,rolls/buns,newspapers,yogurt,bottled water,pork,sausage,domestic eggs,pip fruit
detergent,hamburger meat,curd,ice cream,butter,fruit/vegetable juice,shopping bags,rolls/buns,,
ice cream,pastry,domestic eggs,citrus fruit,chicken,napkins,,,,
butter,,,,,,,,,
rolls/buns,margarine,hamburger meat,bottled water,frozen vegetables,pip fruit,,,,
bottled water,chicken,napkins,shopping bags,,,,,,
whipped/sour cream,yogurt,fruit/vegetable juice,root vegetables,,,,,,
hamburger meat,tropical fruit,napkins,newspapers,,,,,,
citrus fruit,bottled water,fruit/vegetable juice,butter,whole milk,domestic eggs,,,,
bottled water,shopping bags,pastry,citrus fruit,yogurt,curd,rolls/buns,ice cream,napkins,
other vegetables,yogurt,pork,soda,,,,,,
hamburger meat,citrus fruit,chicken,whole milk,tropical fruit,shopping bags,root vegetables,domestic eggs,,
whipped/sour cream,ice cream,pork,yogurt,coffee,margarine,,,,
fruit/vegetable juice,pip fruit,frozen vegetables,root vegetables,newspapers,hamburger meat,rolls/buns,tropical fruit,napkins,sausage
chicken,root vegetables,butter,tropical fruit,sausage,fruit/vegetable juice,frozen vegetables,,,
tropical fruit,butter,rolls/buns,other vegetables,newspapers,pork,citrus fruit,frozen vegetables,,
pastry,newspapers,napkins,yogurt,margarine,soda,fruit/vegetable juice,sausage,,
citrus fruit,,,,,,,,,
sausage,whole milk,bottled water,frozen vegetables,,,,,,
butter,chicken,frozen vegetables,tropical fruit,napkins,brown bread,curd,sausage,whipped/sour cream,
root vegetables,newspapers,citrus fruit,yogurt,,,,,,
soda,rolls/buns,chicken,pastry,whipped/sour cream,napkins,other vegetables,,,
tropical fruit,butter,,,,,,,,
soda,fruit/vegetable juice,brown bread,yogurt,,,,,,
citrus fruit,whole milk,butter,frozen vegetables,root vegetables,pip fruit,tropical fruit,napkins,,
pastry,shopping bags,butter,margarine,bottled water,detergent,chicken,napkins,,
frozen vegetables,brown bread,napkins,detergent,domestic eggs,other vegetables,yogurt,,,
bottled water,chicken,cream cheese,tropical fruit,,,,,,
fruit/vegetable juice,coffee,rolls/buns,root vegetables,,,,,,
newspapers,detergent,ice cream,root vegetables,pip fruit,chicken,frozen vegetables,pastry,rolls/buns,
pastry,other vegetables,pip fruit,shopping bags,chicken,frozen vegetables,bottled water,rolls/buns,,
pastry,butter,domestic eggs,soda,ice cream,margarine,yogurt,,,
tropical fruit,whole milk,pork,domestic eggs,,,,,,
citrus fruit,pork,brown bread,curd,,,,,,
pork,,,,,,,,,
rolls/buns,root vegetables,newspapers,bottled water,curd,other vegetables,pip fruit,fruit/vegetable juice,domestic eggs,soda
rolls/buns,yogurt,tropical fruit,root vegetables,citrus fruit,newspapers,,,,
curd,sausage,detergent,newspapers,shopping bags,napkins,rolls/buns,,,
rolls/buns,root vegetables,brown bread,butter,,,,,,
hamburger meat,detergent,ice cream,chicken,frozen vegetables,root vegetables,domestic eggs,whole milk,pastry,
ice cream,margarine,napkins,hamburger meat,pastry,,,,,
chicken,,,,,,,,,
detergent,coffee,frozen vegetables,sausage,shopping bags,,,,,
sausage,brown bread,citrus fruit,pork,soda,yogurt,,,,
butter,,,,,,,,,
cream cheese,whole milk,bottled water,soda,root vegetables,,,,,
other vegetables,yogurt,bottled water,citrus fruit,,,,,,
butter,shopping bags,brown bread,napkins,pork,newspapers,,,,
sausage,curd,,,,,,,,
chicken,curd,butter,hamburger meat,pip fruit,detergent,fruit/vegetable juice,tropical fruit,yogurt,margarine
shopping bags,root vegetables,domestic eggs,brown bread,,,,,,
sausage,soda,napkins,bottled water,butter,cream cheese,,,,
bottled water,frozen vegetables,chicken,pip fruit,yogurt,citrus fruit,soda,,,
pork,margarine,coffee,newspapers,whipped/sour cream,bottled water,pip fruit,pastry,sausage,root vegetables
curd,domestic eggs,ice cream,cream cheese,pastry,soda,butter,root vegetables,citrus fruit,
pork,newspapers,coffee,yogurt,root vegetables,hamburger meat,domestic eggs,other vegetables,,
rolls/buns,pip fruit,whole milk,citrus fruit,hamburger meat,,,,,
pip fruit,,,,,,,,,
detergent,cream cheese,bottled water,,,,,,,
citrus fruit,shopping bags,detergent,coffee,curd,rolls/buns,whipped/sour cream,pastry,cream cheese,fruit/vegetable juice
butter,sausage,shopping bags,brown bread,detergent,curd,frozen vegetables,,,
domestic eggs,cream cheese,coffee,bottled water,hamburger meat,,,,,
chicken,brown bread,whipped/sour cream,,,,,,,
domestic eggs,yogurt,fruit/vegetable juice,margarine,whipped/sour cream,brown bread,napkins,citrus fruit,tropical fruit,
bottled water,,,,,,,,,
pastry,whipped/sour cream,frozen vegetables,soda,,,,,,
whole milk,hamburger meat,,,,,,,,
other vegetables,napkins,bottled water,root vegetables,citrus fruit,butter,pip fruit,hamburger meat,tropical fruit,pork
curd,soda,cream cheese,bottled water,rolls/buns,napkins,root vegetables,,,
butter,napkins,margarine,other vegetables,shopping bags,curd,,,,
curd,,,,,,,,,
margarine,coffee,rolls/buns,,,,,,,
napkins,pork,brown bread,domestic eggs,cream cheese,root vegetables,chicken,,,
soda,frozen vegetables,domestic eggs,pastry,pork,ice cream,curd,pip fruit,yogurt,
pork,chicken,butter,rolls/buns,,,,,,
whole milk,butter,rolls/buns,yogurt,curd,pip fruit,detergent,soda,ice cream,
tropical fruit,,,,,,,,,
sausage,pork,chicken,newspapers,tropical fruit,pastry,,,,
whipped/sour cream,napkins,coffee,domestic eggs,chicken,tropical fruit,fruit/vegetable juice,hamburger meat,pork,citrus fruit
tropical fruit,margarine,fruit/vegetable juice,shopping bags,pip fruit,other vegetables,napkins,newspapers,,
whipped/sour cream,shopping bags,brown bread,sausage,other vegetables,fruit/vegetable juice,tropical fruit,citrus fruit,domestic eggs,yogurt
yogurt,detergent,coffee,chicken,rolls/buns,,,,,
detergent,newspapers,curd,bottled water,yogurt,frozen vegetables,root vegetables,whipped/sour cream,coffee,pip fruit
frozen vegetables,coffee,whole milk,pastry,margarine,soda,bottled water,,,
curd,bottled water,domestic eggs,newspapers,yogurt,other vegetables,,,,
frozen vegetables,curd,margarine,sausage,coffee,newspapers,yogurt,soda,whipped/sour cream,whole milk
yogurt,napkins,chicken,rolls/buns,soda,butter,,,,
yogurt,detergent,ice cream,citrus fruit,chicken,napkins,domestic eggs,frozen vegetables,whole milk,
brown bread,hamburger meat,cream cheese,domestic eggs,newspapers,shopping bags,pork,whole milk,,
frozen vegetables,root vegetables,brown bread,citrus fruit,other vegetables,whipped/sour cream,ice cream,,,
soda,citrus fruit,coffee,sausage,hamburger meat,margarine,shopping bags,,,
soda,butter,root vegetables,detergent,napkins,,,,,
napkins,domestic eggs,pork,shopping bags,pip fruit,other vegetables,bottled water,sausage,frozen vegetables,
tropical fruit,margarine,hamburger meat,detergent,sausage,newspapers,ice cream,,,
butter,soda,fruit/vegetable juice,brown bread,frozen vegetables,coffee,whipped/sour cream,root vegetables,citrus fruit,
domestic eggs,,,,,,,,,
yogurt,brown bread,whole milk,citrus fruit,newspapers,domestic eggs,shopping bags,,,
pastry,ice cream,rolls/buns,other vegetables,cream cheese,soda,,,,
tropical fruit,yogurt,whipped/sour cream,,,,,,,
pastry,rolls/buns,yogurt,detergent,citrus fruit,whole milk,pork,coffee,domestic eggs,
chicken,fruit/vegetable juice,tropical fruit,curd,,,,,,
shopping bags,citrus fruit,whole milk,brown bread,sausage,margarine,rolls/buns,yogurt,,
bottled water,butter,hamburger meat,whipped/sour cream,pip fruit,cream cheese,brown bread,napkins,,
margarine,pip fruit,,,,,,,,
detergent,pork,citrus fruit,newspapers,,,,,,
whipped/sour cream,brown bread,hamburger meat,,,,,,,
ice cream,other vegetables,,,,,,,,
chicken,,,,,,,,,
pastry,chicken,bottled water,butter,,,,,,
pastry,butter,pork,cream cheese,shopping bags,,,,,
coffee,,,,,,,,,
pip fruit,pastry,yogurt,bottled water,tropical fruit,margarine,,,,
detergent,tropical fruit,citrus fruit,,,,,,,
coffee,shopping bags,tropical fruit,rolls/buns,,,,,,
other vegetables,pork,butter,cream cheese,tropical fruit,detergent,,,,
whole milk,fruit/vegetable juice,detergent,margarine,pork,sausage,root vegetables,bottled water,pastry,frozen vegetables
detergent,newspapers,hamburger meat,whipped/sour cream,citrus fruit,butter,sausage,,,
butter,coffee,tropical fruit,ice cream,other vegetables,shopping bags,,,,
coffee,margarine,pip fruit,domestic eggs,pork,,,,,
pastry,bottled water,detergent,brown bread,,,,,,
margarine,detergent,brown bread,tropical fruit,butter,napkins,yogurt,pip fruit,fruit/vegetable juice,
frozen vegetables,ice cream,coffee,domestic eggs,citrus fruit,bottled water,newspapers,soda,detergent,
whipped/sour cream,bottled water,curd,pork,pastry,soda,tropical fruit,whole milk,napkins,fruit/vegetable juice
sausage,whipped/sour cream,butter,pastry,ice cream,domestic eggs,fruit/vegetable juice,newspapers,,
napkins,pip fruit,cream cheese,bottled water,curd,pork,soda,shopping bags,rolls/buns,ice cream
soda,pork,pip fruit,cream cheese,tropical fruit,chicken,other vegetables,,,
brown bread,,,,,,,,,
newspapers,pip fruit,curd,whole milk,,,,,,
brown bread,napkins,other vegetables,root vegetables,shopping bags,butter,domestic eggs,,,
curd,ice cream,butter,hamburger meat,citrus fruit,other vegetables,pip fruit,,,
pip fruit,whipped/sour cream,cream cheese,shopping bags,citrus fruit,curd,,,,
margarine,cream cheese,napkins,domestic eggs,pork,soda,butter,bottled water,yogurt,
pork,margarine,pip fruit,fruit/vegetable juice,newspapers,coffee,bottled water,whole milk,,
hamburger meat,pip fruit,other vegetables,detergent,butter,curd,sausage,whipped/sour cream,pork,
detergent,,,,,,,,,
detergent,soda,frozen vegetables,fruit/vegetable juice,napkins,shopping bags,rolls/buns,pastry,whipped/sour cream,curd
yogurt,margarine,,,,,,,,
domestic eggs,,,,,,,,,
citrus fruit,napkins,coffee,,,,,,,
pastry,whole milk,pip fruit,tropical fruit,ice cream,,,,,
napkins,frozen vegetables,cream cheese,soda,fruit/vegetable juice,pastry,bottled water,domestic eggs,,
rolls/buns,yogurt,whole milk,pastry,margarine,brown bread,,,,
curd,whipped/sour cream,cream cheese,hamburger meat,brown bread,other vegetables,,,,
margarine,citrus fruit,coffee,yogurt,pork,domestic eggs,,,,
brown bread,detergent,whole milk,domestic eggs,butter,fruit/vegetable juice,,,,
butter,pip fruit,frozen vegetables,coffee,newspapers,,,,,
fruit/vegetable juice,newspapers,bottled water,,,,,,,
root vegetables,napkins,chicken,,,,,,,
tropical fruit,newspapers,whole milk,,,,,,,
fruit/vegetable juice,ice cream,domestic eggs,hamburger meat,whipped/sour cream,newspapers,pork,detergent,citrus fruit,
whole milk,,,,,,,,,
frozen vegetables,citrus fruit,hamburger meat,detergent,,,,,,
yogurt,bottled water,coffee,whipped/sour cream,citrus fruit,pork,shopping bags,newspapers,fruit/vegetable juice,
pork,chicken,rolls/buns,detergent,whole milk,domestic eggs,whipped/sour cream,fruit/vegetable juice,,
napkins,pork,newspapers,,,,,,,
rolls/buns,pork,,,,,,,,
pork,chicken,citrus fruit,cream cheese,ice cream,root vegetables,fruit/vegetable juice,curd,,
cream cheese,other vegetables,rolls/buns,pastry,bottled water,,,,,
domestic eggs,whipped/sour cream,cream cheese,coffee,pork,newspapers,butter,frozen vegetables,whole milk,root vegetables
margarine,pastry,bottled water,butter,pork,,,,,
rolls/buns,coffee,detergent,chicken,pastry,tropical fruit,ice cream,frozen vegetables,,
detergent,chicken,fruit/vegetable juice,other vegetables,pip fruit,newspapers,coffee,margarine,brown bread,
domestic eggs,curd,chicken,,,,,,,
hamburger meat,,,,,,,,,
newspapers,coffee,brown bread,yogurt,domestic eggs,,,,,
curd,chicken,domestic eggs,yogurt,newspapers,soda,,,,
sausage,root vegetables,whipped/sour cream,chicken,other vegetables,pip fruit,brown bread,cream cheese,domestic eggs,curd
frozen vegetables,whipped/sour cream,,,,,,,,
chicken,brown bread,butter,soda,,,,,,
curd,brown bread,yogurt,,,,,,,
napkins,yogurt,bottled water,butter,brown bread,sausage,coffee,citrus fruit,margarine,soda
curd,soda,butter,detergent,hamburger meat,pork,tropical fruit,margarine,napkins,
sausage,coffee,brown bread,tropical fruit,hamburger meat,butter,pork,curd,,
citrus fruit,curd,cream cheese,,,,,,,
pastry,,,,,,,,,
whipped/sour cream,frozen vegetables,coffee,,,,,,,
curd,detergent,soda,margarine,ice cream,frozen vegetables,sausage,rolls/buns,newspapers,
whole milk,pork,margarine,chicken,newspapers,pastry,rolls/buns,other vegetables,,
coffee,pork,hamburger meat,other vegetables,whipped/sour cream,,,,,
curd,domestic eggs,,,,,,,,
butter,chicken,tropical fruit,margarine,yogurt,bottled water,,,,
ice cream,frozen vegetables,brown bread,soda,detergent,,,,,
bottled water,sausage,detergent,whipped/sour cream,yogurt,napkins,,,,
other vegetables,whole milk,napkins,pastry,cream cheese,hamburger meat,soda,margarine,,
chicken,soda,rolls/buns,whipped/sour cream,whole milk,hamburger meat,,,,
coffee,hamburger meat,curd,margarine,domestic eggs,yogurt,,,,
newspapers,butter,whole milk,domestic eggs,napkins,rolls/buns,pastry,fruit/vegetable juice,,
tropical fruit,chicken,pip fruit,sausage,whipped/sour cream,ice cream,rolls/buns,napkins,pork,fruit/vegetable juice
coffee,ice cream,butter,,,,,,,
detergent,whole milk,,,,,,,,
pastry,frozen vegetables,detergent,pork,tropical fruit,sausage,whole milk,,,
ice cream,domestic eggs,root vegetables,frozen vegetables,rolls/buns,detergent,butter,pastry,yogurt,
napkins,pastry,,,,,,,,
citrus fruit,cream cheese,soda,,,,,,,
hamburger meat,brown bread,chicken,curd,whipped/sour cream,,,,,
hamburger meat,sausage,yogurt,curd,,,,,,
bottled water,fruit/vegetable juice,brown bread,chicken,yogurt,ice cream,root vegetables,coffee,sausage,
hamburger meat,whipped/sour cream,ice cream,,,,,,,
yogurt,detergent,other vegetables,soda,ice cream,pip fruit,root vegetables,,,
whipped/sour cream,pastry,chicken,bottled water,other vegetables,newspapers,,,,
tropical fruit,shopping bags,bottled water,citrus fruit,pip fruit,butter,chicken,,,
other vegetables,tropical fruit,cream cheese,citrus fruit,rolls/buns,whipped/sour cream,chicken,,,
shopping bags,fruit/vegetable juice,curd,citrus fruit,pip fruit,whipped/sour cream,brown bread,butter,,
brown bread,domestic eggs,margarine,fruit/vegetable juice,cream cheese,soda,frozen vegetables,,,
bottled water,,,,,,,,,
whole milk,citrus fruit,tropical fruit,yogurt,chicken,domestic eggs,shopping bags,bottled water,,
detergent,brown bread,,,,,,,,
napkins,sausage,,,,,,,,
tropical fruit,margarine,,,,,,,,
coffee,bottled water,margarine,whipped/sour cream,cream cheese,brown bread,napkins,soda,pip fruit,
brown bread,curd,other vegetables,root vegetables,hamburger meat,,,,,
ice cream,detergent,shopping bags,rolls/buns,whole milk,fruit/vegetable juice,margarine,napkins,,
soda,chicken,pastry,root vegetables,,,,,,
fruit/vegetable juice,frozen vegetables,yogurt,sausage,whipped/sour cream,rolls/buns,domestic eggs,brown bread,hamburger meat,
citrus fruit,ice cream,pastry,whole milk,detergent,brown bread,hamburger meat,shopping bags,domestic eggs,
butter,napkins,pork,soda,shopping bags,whipped/sour cream,other vegetables,brown bread,rolls/buns,
bottled water,brown bread,shopping bags,,,,,,,
domestic eggs,rolls/buns,napkins,chicken,root vegetables,ice cream,whipped/sour cream,newspapers,,
brown bread,frozen vegetables,whipped/sour cream,tropical fruit,margarine,,,,,
tropical fruit,,,,,,,,,
bottled water,,,,,,,,,
newspapers,frozen vegetables,,,,,,,,
butter,other vegetables,chicken,brown bread,cream cheese,frozen vegetables,newspapers,rolls/buns,,
fruit/vegetable juice,other vegetables,coffee,hamburger meat,whole milk,frozen vegetables,whipped/sour cream,curd,bottled water,brown bread
soda,butter,pork,rolls/buns,hamburger meat,bottled water,coffee,whole milk,,
citrus fruit,margarine,yogurt,,,,,,,
whipped/sour cream,butter,ice cream,margarine,pip fruit,,,,,
root vegetables,coffee,shopping bags,sausage,curd,frozen vegetables,tropical fruit,ice cream,,
coffee,bottled water,brown bread,rolls/buns,whole milk,butter,shopping bags,,,
frozen vegetables,butter,,,,,,,,
pork,domestic eggs,hamburger meat,tropical fruit,,,,,,
detergent,brown bread,hamburger meat,soda,fruit/vegetable juice,coffee,bottled water,ice cream,cream cheese,root vegetables
root vegetables,brown bread,newspapers,domestic eggs,,,,,,
whole milk,ice cream,detergent,curd,chicken,rolls/buns,tropical fruit,,,
shopping bags,sausage,napkins,,,,,,,
bottled water,ice cream,napkins,fruit/vegetable juice,shopping bags,pip fruit,other vegetables,sausage,yogurt,tropical fruit
detergent,coffee,citrus fruit,soda,butter,,,,,
cream cheese,rolls/buns,,,,,,,,
whipped/sour cream,detergent,pork,cream cheese,margarine,shopping bags,brown bread,,,
shopping bags,yogurt,brown bread,coffee,pip fruit,margarine,whipped/sour cream,napkins,root vegetables,tropical fruit
other vegetables,margarine,curd,newspapers,,,,,,
chicken,pastry,curd,detergent,,,,,,
bottled water,,,,,,,,,
yogurt,pastry,shopping bags,other vegetables,,,,,,
pip fruit,whole milk,citrus fruit,other vegetables,soda,,,,,
whipped/sour cream,bottled water,napkins,,,,,,,
pip fruit,,,,,,,,,
sausage,coffee,chicken,root vegetables,cream cheese,napkins,ice cream,,,
soda,frozen vegetables,yogurt,chicken,rolls/buns,domestic eggs,cream cheese,,,
root vegetables,butter,detergent,whipped/sour cream,other vegetables,,,,,
detergent,domestic eggs,shopping bags,,,,,,,
other vegetables,fruit/vegetable juice,pork,,,,,,,
ice cream,chicken,coffee,citrus fruit,detergent,curd,whole milk,,,
fruit/vegetable juice,frozen vegetables,hamburger meat,pip fruit,pastry,newspapers,,,,
hamburger meat,detergent,chicken,margarine,domestic eggs,yogurt,newspapers,brown bread,other vegetables,
coffee,root vegetables,citrus fruit,whole milk,ice cream,,,,,
chicken,,,,,,,,,
fruit/vegetable juice,pastry,bottled water,whole milk,detergent,hamburger meat,coffee,pork,root vegetables,
whole milk,other vegetables,frozen vegetables,chicken,,,,,,
bottled water,brown bread,pip fruit,chicken,butter,,,,,
pork,,,,,,,,,
detergent,shopping bags,yogurt,sausage,pork,chicken,,,,
margarine,,,,,,,,,
chicken,pip fruit,cream cheese,bottled water,rolls/buns,yogurt,other vegetables,,,
ice cream,bottled water,frozen vegetables,whipped/sour cream,pork,fruit/vegetable juice,shopping bags,root vegetables,napkins,
rolls/buns,,,,,,,,,
detergent,whipped/sour cream,,,,,,,,
newspapers,soda,hamburger meat,citrus fruit,root vegetables,,,,,
curd,whipped/sour cream,,,,,,,,
coffee,pork,fruit/vegetable juice,curd,,,,,,
napkins,other vegetables,fruit/vegetable juice,bottled water,detergent,newspapers,,,,
ice cream,brown bread,chicken,whipped/sour cream,,,,,,
coffee,napkins,curd,tropical fruit,ice cream,brown bread,,,,
margarine,sausage,butter,whole milk,newspapers,curd,,,,
hamburger meat,citrus fruit,,,,,,,,
yogurt,,,,,,,,,
detergent,bottled water,domestic eggs,coffee,rolls/buns,shopping bags,brown bread,,,
coffee,pastry,chicken,rolls/buns,cream cheese,fruit/vegetable juice,butter,root vegetables,,
bottled water,frozen vegetables,tropical fruit,ice cream,root vegetables,chicken,hamburger meat,sausage,pastry,
frozen vegetables,sausage,chicken,,,,,,,
domestic eggs,butter,bottled water,fruit/vegetable juice,,,,,,
brown bread,soda,frozen vegetables,,,,,,,
curd,brown bread,other vegetables,domestic eggs,cream cheese,fruit/vegetable juice,napkins,tropical fruit,,
soda,root vegetables,citrus fruit,,,,,,,
rolls/buns,curd,ice cream,fruit/vegetable juice,shopping bags,hamburger meat,margarine,,,
soda,,,,,,,,,
chicken,bottled water,rolls/buns,domestic eggs,,,,,,
citrus fruit,cream cheese,soda,,,,,,,
hamburger meat,root vegetables,butter,,,,,,,
tropical fruit,,,,,,,,,
rolls/buns,ice cream,cream cheese,root vegetables,fruit/vegetable juice,shopping bags,bottled water,pip fruit,,
newspapers,root vegetables,citrus fruit,rolls/buns,shopping bags,bottled water,soda,domestic eggs,whipped/sour cream,cream cheese
whole milk,pastry,curd,pip fruit,yogurt,,,,,
rolls/buns,coffee,detergent,fruit/vegetable juice,tropical fruit,other vegetables,butter,,,
root vegetables,brown bread,rolls/buns,chicken,curd,cream cheese,,,,
curd,cream cheese,soda,,,,,,,
napkins,shopping bags,newspapers,butter,pastry,whole milk,brown bread,detergent,pork,cream cheese
butter,tropical fruit,hamburger meat,domestic eggs,napkins,root vegetables,,,,
pork,bottled water,napkins,root vegetables,whipped/sour cream,,,,,
hamburger meat,,,,,,,,,
citrus fruit,shopping bags,root vegetables,brown bread,soda,napkins,rolls/buns,ice cream,,
sausage,pip fruit,root vegetables,other vegetables,ice cream,rolls/buns,shopping bags,,,
domestic eggs,napkins,brown bread,margarine,newspapers,butter,hamburger meat,tropical fruit,whole milk,pork
citrus fruit,domestic eggs,,,,,,,,
yogurt,sausage,,,,,,,,
margarine,cream cheese,whipped/sour cream,domestic eggs,,,,,,
domestic eggs,yogurt,frozen vegetables,soda,chicken,ice cream,whole milk,curd,cream cheese,shopping bags
brown bread,ice cream,domestic eggs,hamburger meat,rolls/buns,tropical fruit,whipped/sour cream,root vegetables,sausage,shopping bags
tropical fruit,shopping bags,pip fruit,ice cream,chicken,detergent,,,,
pork,frozen vegetables,pip fruit,shopping bags,rolls/buns,domestic eggs,,,,
other vegetables,fruit/vegetable juice,whole milk,ice cream,butter,yogurt,detergent,rolls/buns,brown bread,
frozen vegetables,,,,,,,,,
fruit/vegetable juice,cream cheese,,,,,,,,
chicken,brown bread,,,,,,,,
bottled water,,,,,,,,,
margarine,,,,,,,,,
yogurt,domestic eggs,curd,margarine,tropical fruit,ice cream,butter,cream cheese,soda,other vegetables
frozen vegetables,coffee,pip fruit,,,,,,,
pork,brown bread,other vegetables,whole milk,,,,,,
sausage,frozen vegetables,newspapers,yogurt,pip fruit,tropical fruit,margarine,whipped/sour cream,whole milk,cream cheese
citrus fruit,brown bread,chicken,ice cream,cream cheese,shopping bags,yogurt,tropical fruit,coffee,sausage
curd,pork,ice cream,coffee,margarine,butter,rolls/buns,detergent,whole milk,
butter,fruit/vegetable juice,pastry,ice cream,detergent,margarine,root vegetables,cream cheese,brown bread,
other vegetables,hamburger meat,butter,napkins,ice cream,detergent,rolls/buns,,,
curd,domestic eggs,cream cheese,pork,,,,,,
shopping bags,fruit/vegetable juice,napkins,coffee,,,,,,
tropical fruit,,,,,,,,,
whole milk,domestic eggs,ice cream,pork,newspapers,yogurt,citrus fruit,pastry,napkins,shopping bags
brown bread,pip fruit,pork,whipped/sour cream,curd,,,,,
pip fruit,domestic eggs,curd,sausage,yogurt,bottled water,cream cheese,other vegetables,butter,soda
curd,other vegetables,cream cheese,sausage,frozen vegetables,,,,,
curd,yogurt,brown bread,,,,,,,
rolls/buns,,,,,,,,,
detergent,whole milk,cream cheese,newspapers,,,,,,
frozen vegetables,,,,,,,,,
coffee,curd,other vegetables,chicken,butter,newspapers,sausage,ice cream,tropical fruit,cream cheese
coffee,sausage,cream cheese,newspapers,,,,,,
frozen vegetables,pork,,,,,,,,
whole milk,coffee,pork,tropical fruit,brown bread,ice cream,,,,
cream cheese,margarine,domestic eggs,other vegetables,root vegetables,pastry,brown bread,tropical fruit,bottled water,
rolls/buns,cream cheese,whipped/sour cream,root vegetables,whole milk,other vegetables,tropical fruit,bottled water,detergent,
tropical fruit,whipped/sour cream,bottled water,detergent,frozen vegetables,napkins,shopping bags,whole milk,brown bread,pork
pip fruit,frozen vegetables,citrus fruit,fruit/vegetable juice,,,,,,
bottled water,pork,,,,,,,,
napkins,newspapers,whole milk,,,,,,,
ice cream,chicken,rolls/buns,whipped/sour cream,root vegetables,curd,whole milk,,,
other vegetables,,,,,,,,,
domestic eggs,newspapers,whole milk,rolls/buns,,,,,,
citrus fruit,margarine,tropical fruit,whipped/sour cream,newspapers,pastry,yogurt,whole milk,,
brown bread,detergent,tropical fruit,,,,,,,
fruit/vegetable juice,hamburger meat,,,,,,,,
citrus fruit,pastry,brown bread,root vegetables,bottled water,rolls/buns,cream cheese,frozen vegetables,soda,
root vegetables,shopping bags,yogurt,domestic eggs,,,,,,
other vegetables,yogurt,whipped/sour cream,cream cheese,shopping bags,napkins,margarine,bottled water,citrus fruit,
ice cream,,,,,,,,,
curd,pastry,,,,,,,,
detergent,curd,soda,,,,,,,
sausage,yogurt,other vegetables,detergent,tropical fruit,,,,,
domestic eggs,rolls/buns,pip fruit,curd,other vegetables,yogurt,,,,
pork,brown bread,rolls/buns,hamburger meat,bottled water,detergent,root vegetables,,,
tropical fruit,whole milk,cream cheese,,,,,,,
pip fruit,fruit/vegetable juice,ice cream,newspapers,napkins,whipped/sour cream,frozen vegetables,,,
yogurt,curd,root vegetables,bottled water,margarine,,,,,
whipped/sour cream,fruit/vegetable juice,bottled water,brown bread,yogurt,ice cream,pip fruit,,,
pork,soda,citrus fruit,frozen vegetables,ice cream,shopping bags,whole milk,chicken,,
margarine,coffee,tropical fruit,citrus fruit,sausage,curd,,,,
citrus fruit,pork,,,,,,,,
newspapers,shopping bags,margarine,citrus fruit,,,,,,
ice cream,shopping bags,pip fruit,butter,yogurt,,,,,
pork,root vegetables,,,,,,,,
sausage,chicken,citrus fruit,tropical fruit,,,,,,
margarine,,,,,,,,,
root vegetables,napkins,cream cheese,hamburger meat,pip fruit,shopping bags,coffee,other vegetables,,
root vegetables,,,,,,,,,
other vegetables,,,,,,,,,
whole milk,detergent,citrus fruit,bottled water,whipped/sour cream,,,,,
chicken,pork,ice cream,,,,,,,
brown bread,frozen vegetables,,,,,,,,
domestic eggs,pastry,frozen vegetables,ice cream,cream cheese,pork,fruit/vegetable juice,rolls/buns,,
soda,hamburger meat,whipped/sour cream,rolls/buns,citrus fruit,whole milk,domestic eggs,other vegetables,cream cheese,chicken
whole milk,ice cream,detergent,rolls/buns,other vegetables,coffee,tropical fruit,margarine,cream cheese,
detergent,ice cream,newspapers,whipped/sour cream,root vegetables,rolls/buns,,,,
butter,whole milk,detergent,soda,whipped/sour cream,,,,,
pork,soda,frozen vegetables,detergent,butter,whole milk,,,,
bottled water,citrus fruit,ice cream,pastry,shopping bags,,,,,
pork,margarine,butter,whipped/sour cream,citrus fruit,root vegetables,yogurt,,,
brown bread,coffee,chicken,pip fruit,newspapers,sausage,whole milk,root vegetables,soda,shopping bags
fruit/vegetable juice,domestic eggs,detergent,butter,newspapers,margarine,tropical fruit,,,
pastry,rolls/buns,pip fruit,,,,,,,
whipped/sour cream,napkins,root vegetables,margarine,,,,,,
rolls/buns,,,,,,,,,
bottled water,butter,pork,hamburger meat,,,,,,
bottled water,other vegetables,sausage,fruit/vegetable juice,cream cheese,butter,,,,
whole milk,soda,brown bread,napkins,,,,,,
cream cheese,brown bread,yogurt,chicken,citrus fruit,pastry,tropical fruit,,,
soda,coffee,bottled water,ice cream,frozen vegetables,pip fruit,,,,
coffee,rolls/buns,,,,,,,,
pastry,fruit/vegetable juice,napkins,bottled water,cream cheese,margarine,,,,
pip fruit,bottled water,margarine,ice cream,,,,,,
curd,shopping bags,root vegetables,other vegetables,,,,,,
whole milk,shopping bags,pork,citrus fruit,sausage,whipped/sour cream,,,,
pork,margarine,,,,,,,,
rolls/buns,hamburger meat,detergent,cream cheese,newspapers,whipped/sour cream,fruit/vegetable juice,chicken,margarine,
butter,soda,rolls/buns,hamburger meat,cream cheese,chicken,newspapers,root vegetables,frozen vegetables,
newspapers,domestic eggs,pork,frozen vegetables,tropical fruit,bottled water,pip fruit,whole milk,,
rolls/buns,curd,citrus fruit,coffee,fruit/vegetable juice,cream cheese,,,,
pastry,bottled water,citrus fruit,domestic eggs,,,,,,
root vegetables,whole milk,ice cream,frozen vegetables,pastry,curd,pork,coffee,newspapers,bottled water
domestic eggs,margarine,root vegetables,whipped/sour cream,,,,,,
chicken,pastry,tropical fruit,yogurt,,,,,,
napkins,soda,newspapers,coffee,domestic eggs,,,,,
brown bread,napkins,bottled water,whole milk,citrus fruit,sausage,ice cream,whipped/sour cream,,
other vegetables,rolls/buns,fruit/vegetable juice,citrus fruit,napkins,whipped/sour cream,coffee,pork,,
other vegetables,pork,soda,sausage,,,,,,
brown bread,whole milk,cream cheese,citrus fruit,frozen vegetables,other vegetables,hamburger meat,whipped/sour cream,rolls/buns,
pastry,shopping bags,chicken,pip fruit,,,,,,
butter,whipped/sour cream,margarine,pork,tropical fruit,shopping bags,hamburger meat,pip fruit,yogurt,
cream cheese,coffee,yogurt,pastry,,,,,,
yogurt,pastry,frozen vegetables,coffee,,,,,,
coffee,hamburger meat,tropical fruit,,,,,,,
domestic eggs,,,,,,,,,
hamburger meat,rolls/buns,brown bread,shopping bags,margarine,,,,,
chicken,newspapers,coffee,yogurt,brown bread,hamburger meat,pork,,,
butter,napkins,tropical fruit,margarine,domestic eggs,,,,,
sausage,pip fruit,shopping bags,pastry,,,,,,
ice cream,domestic eggs,root vegetables,hamburger meat,brown bread,cream cheese,butter,coffee,shopping bags,curd
whipped/sour cream,sausage,citrus fruit,pastry,,,,,,
pork,brown bread,pastry,chicken,domestic eggs,tropical fruit,hamburger meat,,,
butter,other vegetables,brown bread,fruit/vegetable juice,chicken,frozen vegetables,,,,
domestic eggs,yogurt,margarine,whipped/sour cream,other vegetables,detergent,,,,
rolls/buns,hamburger meat,,,,,,,,
rolls/buns,,,,,,,,,
butter,rolls/buns,,,,,,,,
soda,domestic eggs,rolls/buns,ice cream,citrus fruit,napkins,curd,chicken,detergent,sausage
detergent,fruit/vegetable juice,coffee,margarine,brown bread,,,,,
detergent,chicken,margarine,ice cream,citrus fruit,curd,tropical fruit,other vegetables,newspapers,pip fruit
coffee,tropical fruit,napkins,brown bread,whipped/sour cream,frozen vegetables,pastry,yogurt,fruit/vegetable juice,whole milk
ice cream,pastry,newspapers,coffee,detergent,,,,,
fruit/vegetable juice,brown bread,margarine,bottled water,chicken,whole milk,,,,
chicken,pastry,sausage,root vegetables,shopping bags,other vegetables,domestic eggs,brown bread,,
detergent,yogurt,sausage,hamburger meat,cream cheese,butter,root vegetables,other vegetables,pork,frozen vegetables
whipped/sour cream,pastry,tropical fruit,pip fruit,brown bread,,,,,
newspapers,,,,,,,,,
tropical fruit,detergent,,,,,,,,
frozen vegetables,hamburger meat,ice cream,detergent,,,,,,
soda,margarine,rolls/buns,shopping bags,,,,,,
butter,bottled water,,,,,,,,
pip fruit,cream cheese,shopping bags,frozen vegetables,newspapers,,,,,
curd,tropical fruit,bottled water,,,,,,,
margarine,ice cream,other vegetables,pork,chicken,,,,,
root vegetables,rolls/buns,whole milk,domestic eggs,pip fruit,fruit/vegetable juice,,,,
pip fruit,,,,,,,,,
sausage,chicken,margarine,ice cream,,,,,,
pip fruit,soda,,,,,,,,
sausage,butter,coffee,shopping bags,,,,,,
napkins,bottled water,curd,rolls/buns,coffee,tropical fruit,newspapers,brown bread,pip fruit,
detergent,sausage,newspapers,,,,,,,
brown bread,sausage,citrus fruit,pastry,whipped/sour cream,cream cheese,rolls/buns,other vegetables,soda,fruit/vegetable juice
sausage,rolls/buns,ice cream,,,,,,,
detergent,tropical fruit,napkins,curd,domestic eggs,citrus fruit,bottled water,other vegetables,frozen vegetables,
detergent,brown bread,butter,ice cream,citrus fruit,pork,sausage,whipped/sour cream,napkins,chicken
domestic eggs,coffee,napkins,hamburger meat,whole milk,chicken,ice cream,bottled water,detergent,curd
pork,shopping bags,other vegetables,chicken,brown bread,whole milk,curd,ice cream,cream cheese,rolls/buns
tropical fruit,detergent,fruit/vegetable juice,yogurt,pork,chicken,shopping bags,brown bread,,
citrus fruit,coffee,detergent,,,,,,,
pastry,chicken,fruit/vegetable juice,detergent,,,,,,
brown bread,,,,,,,,,
shopping bags,butter,,,,,,,,
soda,root vegetables,ice cream,yogurt,whole milk,chicken,whipped/sour cream,other vegetables,pastry,rolls/buns
fruit/vegetable juice,napkins,cream cheese,,,,,,,
chicken,,,,,,,,,
coffee,whole milk,napkins,other vegetables,whipped/sour cream,sausage,yogurt,,,
other vegetables,margarine,,,,,,,,
curd,brown bread,citrus fruit,frozen vegetables,ice cream,,,,,
tropical fruit,chicken,whipped/sour cream,,,,,,,
shopping bags,frozen vegetables,ice cream,fruit/vegetable juice,curd,,,,,
sausage,whipped/sour cream,brown bread,tropical fruit,butter,citrus fruit,cream cheese,ice cream,chicken,
coffee,,,,,,,,,
rolls/buns,other vegetables,tropical fruit,curd,pastry,pork,yogurt,hamburger meat,napkins,detergent
shopping bags,frozen vegetables,butter,pip fruit,soda,other vegetables,,,,
fruit/vegetable juice,shopping bags,pip fruit,coffee,frozen vegetables,butter,newspapers,,,
yogurt,,,,,,,,,
frozen vegetables,soda,detergent,shopping bags,domestic eggs,napkins,coffee,pastry,,
citrus fruit,,,,,,,,,
cream cheese,brown bread,butter,bottled water,soda,citrus fruit,frozen vegetables,whole milk,ice cream,
soda,whole milk,chicken,citrus fruit,pastry,rolls/buns,napkins,coffee,whipped/sour cream,
cream cheese,fruit/vegetable juice,,,,,,,,
domestic eggs,other vegetables,fruit/vegetable juice,citrus fruit,whole milk,pastry,rolls/buns,frozen vegetables,,
newspapers,whipped/sour cream,citrus fruit,detergent,soda,sausage,,,,
chicken,frozen vegetables,citrus fruit,yogurt,,,,,,
soda,margarine,yogurt,ice cream,bottled water,whipped/sour cream,sausage,,,
newspapers,soda,fruit/vegetable juice,chicken,,,,,,
newspapers,soda,pip fruit,coffee,frozen vegetables,domestic eggs,whipped/sour cream,chicken,napkins,bottled water
whole milk,whipped/sour cream,chicken,frozen vegetables,hamburger meat,tropical fruit,detergent,citrus fruit,newspapers,cream cheese
soda,root vegetables,domestic eggs,bottled water,,,,,,
sausage,cream cheese,chicken,curd,pork,detergent,butter,hamburger meat,citrus fruit,
fruit/vegetable juice,pip fruit,other vegetables,chicken,ice cream,hamburger meat,brown bread,cream cheese,whole milk,tropical fruit
domestic eggs,pork,whipped/sour cream,margarine,root vegetables,curd,whole milk,pip fruit,detergent,rolls/buns
shopping bags,newspapers,frozen vegetables,ice cream,tropical fruit,chicken,yogurt,margarine,hamburger meat,rolls/buns
curd,napkins,pastry,newspapers,,,,,,
soda,shopping bags,bottled water,pastry,fruit/vegetable juice,whole milk,hamburger meat,margarine,,
whipped/sour cream,cream cheese,margarine,root vegetables,citrus fruit,sausage,pork,yogurt,brown bread,napkins
curd,pastry,napkins,hamburger meat,pork,domestic eggs,whole milk,root vegetables,shopping bags,
pip fruit,soda,shopping bags,domestic eggs,margarine,pastry,citrus fruit,root vegetables,fruit/vegetable juice,
pip fruit,coffee,frozen vegetables,,,,,,,
yogurt,whipped/sour cream,shopping bags,pip fruit,curd,citrus fruit,detergent,,,
coffee,detergent,other vegetables,butter,frozen vegetables,margarine,curd,pastry,,
citrus fruit,,,,,,,,,
pastry,chicken,pork,butter,soda,curd,,,,
ice cream,pip fruit,other vegetables,shopping bags,yogurt,rolls/buns,pastry,,,
detergent,coffee,ice cream,domestic eggs,other vegetables,shopping bags,yogurt,pork,bottled water,
citrus fruit,newspapers,whipped/sour cream,hamburger meat,ice cream,,,,,
whole milk,cream cheese,domestic eggs,tropical fruit,ice cream,,,,,
curd,,,,,,,,,
other vegetables,brown bread,yogurt,shopping bags,fruit/vegetable juice,margarine,curd,coffee,root vegetables,sausage
cream cheese,root vegetables,rolls/buns,domestic eggs,,,,,,
pip fruit,ice cream,hamburger meat,tropical fruit,bottled water,domestic eggs,coffee,,,
coffee,cream cheese,sausage,pork,,,,,,
whole milk,other vegetables,sausage,pork,curd,rolls/buns,brown bread,napkins,shopping bags,
frozen vegetables,rolls/buns,shopping bags,,,,,,,
cream cheese,frozen vegetables,pork,,,,,,,
cream cheese,chicken,sausage,pastry,hamburger meat,bottled water,fruit/vegetable juice,pork,detergent,curd
napkins,coffee,fruit/vegetable juice,pork,whole milk,shopping bags,,,,
fruit/vegetable juice,cream cheese,newspapers,shopping bags,whipped/sour cream,other vegetables,coffee,pork,rolls/buns,
citrus fruit,pastry,cream cheese,ice cream,,,,,,
ice cream,brown bread,shopping bags,margarine,frozen vegetables,pork,citrus fruit,napkins,,
coffee,cream cheese,,,,,,,,
margarine,pork,,,,,,,,
soda,citrus fruit,tropical fruit,yogurt,coffee,detergent,,,,
curd,butter,detergent,,,,,,,
newspapers,ice cream,brown bread,whole milk,sausage,,,,,
sausage,frozen vegetables,citrus fruit,,,,,,,
frozen vegetables,yogurt,tropical fruit,pork,margarine,brown bread,citrus fruit,whipped/sour cream,pastry,
coffee,pastry,cream cheese,root vegetables,newspapers,hamburger meat,yogurt,,,
tropical fruit,ice cream,coffee,whipped/sour cream,butter,newspapers,pastry,brown bread,,
pastry,curd,coffee,domestic eggs,frozen vegetables,pip fruit,other vegetables,,,
rolls/buns,sausage,fruit/vegetable juice,detergent,other vegetables,margarine,tropical fruit,napkins,pip fruit,domestic eggs
brown bread,other vegetables,coffee,hamburger meat,whipped/sour cream,whole milk,domestic eggs,root vegetables,citrus fruit,detergent
pip fruit,whole milk,tropical fruit,curd,coffee,,,,,
detergent,tropical fruit,newspapers,soda,sausage,frozen vegetables,,,,
brown bread,yogurt,frozen vegetables,,,,,,,
detergent,soda,sausage,pastry,root vegetables,cream cheese,yogurt,,,
root vegetables,margarine,rolls/buns,domestic eggs,cream cheese,sausage,,,,
other vegetables,cream cheese,ice cream,sausage,tropical fruit,,,,,
yogurt,pastry,citrus fruit,margarine,pork,newspapers,butter,napkins,,
whipped/sour cream,citrus fruit,domestic eggs,shopping bags,hamburger meat,yogurt,root vegetables,cream cheese,,
whipped/sour cream,coffee,soda,rolls/buns,other vegetables,yogurt,pastry,,,
domestic eggs,yogurt,shopping bags,sausage,chicken,cream cheese,margarine,napkins,,
margarine,ice cream,detergent,shopping bags,yogurt,root vegetables,,,,
whipped/sour cream,,,,,,,,,
pastry,coffee,soda,pip fruit,curd,citrus fruit,napkins,root vegetables,,
tropical fruit,pork,,,,,,,,
napkins,sausage,root vegetables,coffee,cream cheese,citrus fruit,detergent,hamburger meat,domestic eggs,soda
fruit/vegetable juice,coffee,,,,,,,,
newspapers,butter,bottled water,pastry,ice cream,coffee,,,,
soda,hamburger meat,citrus fruit,detergent,root vegetables,napkins,butter,tropical fruit,yogurt,
curd,chicken,tropical fruit,root vegetables,citrus fruit,cream cheese,brown bread,,,
tropical fruit,sausage,chicken,pork,rolls/buns,whipped/sour cream,,,,
whipped/sour cream,ice cream,other vegetables,pastry,soda,domestic eggs,detergent,,,
fruit/vegetable juice,domestic eggs,,,,,,,,
bottled water,butter,newspapers,,,,,,,
detergent,shopping bags,rolls/buns,pork,frozen vegetables,citrus fruit,,,,
shopping bags,,,,,,,,,
fruit/vegetable juice,sausage,margarine,bottled water,newspapers,,,,,
curd,root vegetables,butter,ice cream,pip fruit,pork,fruit/vegetable juice,,,
root vegetables,domestic eggs,pork,butter,coffee,curd,ice cream,other vegetables,shopping bags,soda
rolls/buns,tropical fruit,napkins,brown bread,,,,,,
bottled water,butter,tropical fruit,whole milk,frozen vegetables,detergent,domestic eggs,coffee,brown bread,
whipped/sour cream,domestic eggs,,,,,,,,
yogurt,frozen vegetables,domestic eggs,shopping bags,detergent,other vegetables,rolls/buns,tropical fruit,,
yogurt,shopping bags,curd,brown bread,whipped/sour cream,soda,napkins,,,
pork,soda,coffee,chicken,brown bread,other vegetables,napkins,,,
fruit/vegetable juice,shopping bags,tropical fruit,detergent,root vegetables,pastry,newspapers,,,
sausage,yogurt,,,,,,,,
brown bread,sausage,hamburger meat,pork,tropical fruit,rolls/buns,pip fruit,whole milk,root vegetables,
curd,domestic eggs,ice cream,detergent,brown bread,yogurt,pastry,sausage,coffee,hamburger meat
frozen vegetables,root vegetables,coffee,napkins,margarine,bottled water,ice cream,hamburger meat,,
napkins,detergent,ice cream,brown bread,rolls/buns,newspapers,pork,pastry,,
whole milk,pastry,fruit/vegetable juice,shopping bags,butter,margarine,rolls/buns,hamburger meat,sausage,
tropical fruit,cream cheese,napkins,soda,chicken,,,,,
fruit/vegetable juice,soda,bottled water,napkins,whipped/sour cream,margarine,,,,
rolls/buns,ice cream,other vegetables,soda,tropical fruit,bottled water,whipped/sour cream,frozen vegetables,butter,
pastry,,,,,,,,,
root vegetables,whole milk,curd,pastry,,,,,,
butter,bottled water,pork,frozen vegetables,pip fruit,,,,,
pip fruit,,,,,,,,,
shopping bags,soda,newspapers,whipped/sour cream,pork,domestic eggs,chicken,,,
napkins,pastry,brown bread,ice cream,,,,,,
newspapers,whole milk,cream cheese,napkins,whipped/sour cream,other vegetables,,,,
chicken,shopping bags,pastry,domestic eggs,,,,,,
rolls/buns,bottled water,,,,,,,,
butter,yogurt,newspapers,rolls/buns,,,,,,
whipped/sour cream,ice cream,,,,,,,,
other vegetables,shopping bags,curd,domestic eggs,detergent,margarine,citrus fruit,hamburger meat,whole milk,
curd,pork,whipped/sour cream,other vegetables,citrus fruit,,,,,
napkins,ice cream,,,,,,,,
yogurt,citrus fruit,pork,coffee,ice cream,detergent,frozen vegetables,,,
other vegetables,coffee,sausage,citrus fruit,fruit/vegetable juice,tropical fruit,shopping bags,pip fruit,curd,chicken
citrus fruit,margarine,curd,yogurt,newspapers,,,,,
bottled water,whole milk,butter,whipped/sour cream,,,,,,
whole milk,pip fruit,detergent,whipped/sour cream,frozen vegetables,newspapers,,,,
other vegetables,napkins,pork,brown bread,soda,whole milk,newspapers,shopping bags,,
curd,soda,fruit/vegetable juice,margarine,frozen vegetables,,,,,
curd,domestic eggs,ice cream,detergent,shopping bags,pork,citrus fruit,coffee,pastry,
chicken,curd,whole milk,cream cheese,detergent,soda,yogurt,newspapers,other vegetables,
tropical fruit,whipped/sour cream,pip fruit,sausage,pork,butter,chicken,whole milk,coffee,frozen vegetables
coffee,chicken,ice cream,cream cheese,,,,,,
curd,tropical fruit,frozen vegetables,,,,,,,
pastry,bottled water,detergent,whole milk,fruit/vegetable juice,newspapers,,,,
coffee,yogurt,citrus fruit,newspapers,shopping bags,root vegetables,frozen vegetables,butter,,
chicken,newspapers,sausage,margarine,citrus fruit,root vegetables,whipped/sour cream,,,
ice cream,root vegetables,cream cheese,,,,,,,
other vegetables,cream cheese,hamburger meat,,,,,,,
pastry,brown bread,other vegetables,butter,,,,,,
frozen vegetables,whipped/sour cream,,,,,,,,
ice cream,tropical fruit,frozen vegetables,domestic eggs,yogurt,,,,,
root vegetables,cream cheese,napkins,pastry,,,,,,
brown bread,citrus fruit,butter,frozen vegetables,tropical fruit,,,,,
ice cream,coffee,sausage,frozen vegetables,,,,,,
pip fruit,hamburger meat,napkins,,,,,,,
domestic eggs,bottled water,whole milk,curd,brown bread,whipped/sour cream,butter,ice cream,detergent,citrus fruit
pastry,fruit/vegetable juice,domestic eggs,pip fruit,soda,,,,,
citrus fruit,whole milk,pastry,domestic eggs,rolls/buns,curd,whipped/sour cream,ice cream,,
hamburger meat,brown bread,curd,domestic eggs,tropical fruit,butter,,,,
napkins,pip fruit,shopping bags,curd,,,,,,
pork,margarine,,,,,,,,
soda,,,,,,,,,
curd,bottled water,domestic eggs,soda,butter,hamburger meat,ice cream,,,
yogurt,bottled water,cream cheese,whole milk,tropical fruit,pip fruit,hamburger meat,coffee,detergent,frozen vegetables
pork,chicken,cream cheese,tropical fruit,fruit/vegetable juice,,,,,
fruit/vegetable juice,newspapers,margarine,rolls/buns,,,,,,
rolls/buns,whole milk,other vegetables,sausage,domestic eggs,soda,,,,
whole milk,tropical fruit,brown bread,whipped/sour cream,bottled water,other vegetables,hamburger meat,sausage,root vegetables,detergent
other vegetables,newspapers,margarine,pork,hamburger meat,brown bread,fruit/vegetable juice,whipped/sour cream,butter,soda
napkins,pork,root vegetables,yogurt,pip fruit,,,,,
margarine,shopping bags,tropical fruit,sausage,pork,pip fruit,ice cream,whipped/sour cream,yogurt,root vegetables
soda,fruit/vegetable juice,,,,,,,,
whipped/sour cream,newspapers,fruit/vegetable juice,sausage,curd,,,,,
yogurt,frozen vegetables,whipped/sour cream,curd,tropical fruit,domestic eggs,margarine,root vegetables,,
other vegetables,ice cream,whole milk,shopping bags,,,,,,
coffee,,,,,,,,,
hamburger meat,root vegetables,sausage,newspapers,,,,,,
other vegetables,curd,chicken,domestic eggs,,,,,,
cream cheese,napkins,,,,,,,,
shopping bags,pork,whole milk,,,,,,,
chicken,domestic eggs,napkins,pastry,soda,,,,,
ice cream,other vegetables,cream cheese,napkins,pastry,chicken,coffee,whole milk,,
yogurt,tropical fruit,,,,,,,,
curd,brown bread,detergent,pork,ice cream,other vegetables,pip fruit,,,
sausage,napkins,curd,chicken,coffee,frozen vegetables,whipped/sour cream,citrus fruit,,
shopping bags,ice cream,whipped/sour cream,hamburger meat,bottled water,frozen vegetables,whole milk,newspapers,chicken,
shopping bags,detergent,pork,ice cream,butter,,,,,
fruit/vegetable juice,rolls/buns,,,,,,,,
shopping bags,butter,whole milk,bottled water,curd,napkins,ice cream,coffee,,
soda,,,,,,,,,
hamburger meat,detergent,napkins,newspapers,,,,,,
frozen vegetables,newspapers,other vegetables,napkins,sausage,whipped/sour cream,,,,
ice cream,cream cheese,detergent,rolls/buns,frozen vegetables,sausage,yogurt,chicken,,
soda,margarine,shopping bags,fruit/vegetable juice,whole milk,sausage,root vegetables,,,
domestic eggs,ice cream,whipped/sour cream,newspapers,,,,,,
whole milk,shopping bags,brown bread,fruit/vegetable juice,curd,bottled water,hamburger meat,,,
brown bread,domestic eggs,rolls/buns,chicken,detergent,pip fruit,yogurt,whipped/sour cream,sausage,
citrus fruit,ice cream,yogurt,,,,,,,
shopping bags,,,,,,,,,
curd,citrus fruit,whipped/sour cream,ice cream,cream cheese,domestic eggs,rolls/buns,root vegetables,fruit/vegetable juice,whole milk
butter,whole milk,brown bread,,,,,,,
coffee,rolls/buns,root vegetables,cream cheese,ice cream,detergent,fruit/vegetable juice,margarine,yogurt,napkins
frozen vegetables,,,,,,,,,
yogurt,frozen vegetables,rolls/buns,curd,tropical fruit,fruit/vegetable juice,soda,whipped/sour cream,root vegetables,detergent
hamburger meat,napkins,soda,curd,whole milk,yogurt,cream cheese,,,
rolls/buns,napkins,hamburger meat,tropical fruit,bottled water,domestic eggs,curd,soda,,
whole milk,whipped/sour cream,chicken,pip fruit,detergent,root vegetables,domestic eggs,margarine,hamburger meat,cream cheese
ice cream,fruit/vegetable juice,citrus fruit,yogurt,bottled water,other vegetables,chicken,,,
margarine,sausage,,,,,,,,
tropical fruit,margarine,other vegetables,coffee,cream cheese,ice cream,domestic eggs,rolls/buns,napkins,whipped/sour cream
hamburger meat,rolls/buns,,,,,,,,
frozen vegetables,detergent,,,,,,,,
hamburger meat,other vegetables,citrus fruit,curd,whipped/sour cream,root vegetables,cream cheese,margarine,brown bread,yogurt
yogurt,detergent,other vegetables,brown bread,curd,bottled water,domestic eggs,pastry,margarine,
